# idx score qle tle gscore gtle max_off error
0 148 0 0 145 2 0 0
1 147 0 0 145 3 0 0
2 145 13 13 145 13 0 0
3 136 19 19 136 19 0 0
4 136 21 21 136 21 0 0
5 145 23 23 145 23 0 0
6 145 25 25 145 25 0 0
7 136 28 28 136 28 0 0
8 137 31 31 137 31 0 0
9 139 35 35 139 35 0 0
10 145 38 38 145 38 0 0
11 143 37 37 140 39 0 0
12 145 40 40 145 40 0 0
13 142 43 43 140 46 0 0
14 135 50 50 135 50 0 0
15 145 52 52 145 52 0 0
16 125 55 55 125 55 0 0
17 129 57 57 129 57 0 0
18 135 58 58 135 58 0 0
19 140 58 58 140 58 0 0
20 140 60 60 140 60 0 0
21 135 64 64 135 64 0 0
22 126 0 0 123 2 0 0
23 49 12 12 49 12 0 0
24 69 39 39 69 39 0 0
25 45 7 7 45 7 0 0
26 51 37 37 51 37 0 0
27 45 40 40 45 40 0 0
28 98 31 31 98 31 0 0
29 77 58 58 77 58 0 0
30 71 55 55 71 55 0 0
31 76 61 61 76 61 0 0
32 62 20 20 62 20 0 0
33 78 50 50 78 50 0 0
34 38 24 24 38 24 0 0
35 77 24 24 77 24 0 0
36 62 48 48 62 48 0 0
37 77 21 21 77 21 0 0
38 81 53 53 81 53 0 0
39 35 20 20 35 20 0 0
40 45 28 28 45 28 0 0
41 79 50 50 79 50 0 0
42 105 27 27 105 27 0 0
43 40 32 32 40 32 0 0
44 64 41 41 64 41 0 0
45 76 45 46 76 46 1 0
46 89 59 59 89 59 0 0
47 72 59 59 72 59 0 0
48 101 40 40 101 40 0 0
49 85 62 62 85 62 0 0
50 54 45 45 54 45 0 0
51 112 50 50 112 50 0 0
52 82 47 47 82 47 0 0
53 118 54 54 118 54 0 0
54 105 61 61 105 61 0 0
55 85 52 52 85 52 0 0
56 98 62 62 98 62 0 0
57 94 19 19 94 19 0 0
58 34 8 8 34 8 0 0
59 31 13 13 31 13 0 0
60 50 8 8 50 8 0 0
61 36 18 18 36 18 0 0
62 36 18 18 36 18 0 0
63 43 25 25 43 25 0 0
64 47 0 0 47 5 0 0
65 39 29 29 39 29 0 0
66 50 40 40 50 40 0 0
67 52 26 26 52 26 0 0
68 36 21 21 36 21 0 0
69 56 6 6 56 6 0 0
70 67 15 15 67 15 0 0
71 41 23 23 41 23 0 0
72 60 20 20 60 20 0 0
73 78 8 8 78 8 0 0
74 44 26 26 44 26 0 0
75 66 24 24 66 24 0 0
76 66 26 26 66 26 0 0
77 47 23 23 43 29 0 0
78 35 8 8 35 8 0 0
79 45 14 14 45 14 0 0
80 64 53 53 64 53 0 0
81 64 53 53 64 53 0 0
82 54 42 42 54 42 0 0
83 99 0 0 98 4 0 0
84 31 9 9 31 9 0 0
85 72 23 23 72 28 0 0
86 41 0 0 39 3 0 0
87 82 26 26 82 26 0 0
88 20 0 0 17 2 0 0
89 57 6 6 57 6 0 0
90 70 60 60 70 60 0 0
91 25 0 0 21 1 0 0
92 68 49 49 68 49 0 0
93 96 15 15 96 15 0 0
94 69 31 31 66 38 0 0
95 61 22 22 61 22 0 0
96 41 18 18 41 18 0 0
97 97 27 27 97 27 0 0
98 88 0 0 85 2 0 0
99 128 0 0 125 7 0 0
100 130 14 14 130 14 0 0
101 135 10 10 135 10 0 0
102 135 31 31 135 31 0 0
103 140 39 39 140 39 0 0
104 135 13 13 135 13 0 0
105 135 13 13 135 13 0 0
106 135 21 21 135 21 0 0
107 125 13 13 125 13 0 0
108 135 23 23 135 23 0 0
109 122 26 26 122 26 0 0
110 142 56 56 142 56 0 0
111 126 18 18 125 27 0 0
112 125 21 21 125 21 0 0
113 125 28 28 125 28 0 0
114 124 22 22 124 22 0 0
115 135 28 28 135 28 0 0
116 134 0 0 130 1 0 0
117 128 0 0 125 2 0 0
118 143 0 0 140 2 0 0
119 132 0 0 130 3 0 0
120 147 0 0 145 3 0 0
121 146 0 0 145 4 0 0
122 146 0 0 145 4 0 0
123 135 0 0 135 5 0 0
124 122 52 52 122 52 0 0
125 113 0 0 110 7 0 0
126 140 7 7 140 7 0 0
127 125 9 9 125 9 0 0
128 140 9 9 140 9 0 0
129 135 10 10 135 10 0 0
130 140 10 10 140 10 0 0
131 140 11 11 140 11 0 0
132 135 12 12 135 12 0 0
133 130 13 13 130 13 0 0
134 140 13 13 140 13 0 0
135 135 14 14 135 14 0 0
136 140 15 15 140 15 0 0
137 125 63 63 125 63 0 0
138 140 16 16 140 16 0 0
139 110 12 12 110 17 0 0
140 130 18 18 130 18 0 0
141 125 19 19 125 19 0 0
142 135 19 19 135 19 0 0
143 134 25 25 134 25 0 0
144 130 16 16 130 21 0 0
145 135 57 57 135 57 0 0
146 145 23 23 145 23 0 0
147 135 24 24 135 24 0 0
148 130 25 25 130 25 0 0
149 115 61 61 115 61 0 0
150 135 21 21 135 26 0 0
151 117 24 24 115 27 0 0
152 130 28 28 130 28 0 0
153 144 27 27 140 28 0 0
154 130 29 29 130 29 0 0
155 120 30 30 120 30 0 0
156 135 30 30 135 30 0 0
157 140 30 30 140 30 0 0
158 140 30 30 140 30 0 0
159 140 31 31 140 31 0 0
160 125 32 32 125 32 0 0
161 135 33 33 135 33 0 0
162 135 34 34 135 34 0 0
163 140 34 34 140 34 0 0
164 135 35 35 135 35 0 0
165 125 38 38 125 38 0 0
166 137 35 35 135 38 0 0
167 130 39 39 130 39 0 0
168 125 40 40 125 40 0 0
169 140 40 40 140 40 0 0
170 135 41 41 135 41 0 0
171 135 41 41 135 41 0 0
172 140 47 47 140 47 0 0
173 130 57 57 130 57 0 0
174 130 48 48 130 48 0 0
175 145 49 49 145 49 0 0
176 130 50 50 130 50 0 0
177 125 50 50 125 50 0 0
178 120 51 51 120 51 0 0
179 145 51 51 145 51 0 0
180 145 52 52 145 52 0 0
181 120 53 53 120 53 0 0
182 135 55 55 135 55 0 0
183 141 52 52 140 56 0 0
184 140 57 57 140 57 0 0
185 145 57 57 145 57 0 0
186 145 59 59 145 59 0 0
187 130 60 60 130 60 0 0
188 140 61 61 140 61 0 0
189 140 62 62 140 62 0 0
190 135 63 63 135 63 0 0
191 135 64 64 135 64 0 0
192 135 64 64 135 64 0 0
193 69 6 6 69 6 0 0
194 41 0 0 4 7 0 0
195 115 19 19 115 19 0 0
196 117 0 0 115 8 0 0
197 113 27 27 113 27 0 0
198 100 28 28 100 28 0 0
199 145 8 8 145 8 0 0
