# idx score qle tle gscore gtle max_off error
0 148 0 0 145 2 0 0
1 147 0 0 145 3 0 0
2 145 13 13 145 13 0 0
3 126 0 0 123 2 0 0
4 49 12 12 49 12 0 0
5 45 7 7 45 7 0 0
6 34 8 8 34 8 0 0
7 31 13 13 31 13 0 0
8 50 8 8 50 8 0 0
9 47 0 0 47 5 0 0
10 56 6 6 56 6 0 0
11 67 15 15 67 15 0 0
12 78 8 8 78 8 0 0
13 35 8 8 35 8 0 0
14 45 14 14 45 14 0 0
15 99 0 0 98 4 0 0
16 31 9 9 31 9 0 0
17 41 0 0 39 3 0 0
18 20 0 0 17 2 0 0
19 57 6 6 57 6 0 0
20 25 0 0 21 1 0 0
21 96 15 15 96 15 0 0
22 88 0 0 85 2 0 0
23 128 0 0 125 7 0 0
24 130 14 14 130 14 0 0
25 135 10 10 135 10 0 0
26 135 13 13 135 13 0 0
27 135 13 13 135 13 0 0
28 125 13 13 125 13 0 0
29 134 0 0 130 1 0 0
30 128 0 0 125 2 0 0
31 143 0 0 140 2 0 0
32 132 0 0 130 3 0 0
33 147 0 0 145 3 0 0
34 146 0 0 145 4 0 0
35 146 0 0 145 4 0 0
36 135 0 0 135 5 0 0
37 113 0 0 110 7 0 0
38 140 7 7 140 7 0 0
39 125 9 9 125 9 0 0
40 140 9 9 140 9 0 0
41 135 10 10 135 10 0 0
42 140 10 10 140 10 0 0
43 140 11 11 140 11 0 0
44 135 12 12 135 12 0 0
45 130 13 13 130 13 0 0
46 140 13 13 140 13 0 0
47 135 14 14 135 14 0 0
48 140 15 15 140 15 0 0
49 140 16 16 140 16 0 0
50 69 6 6 69 6 0 0
51 117 0 0 115 8 0 0
52 145 8 8 145 8 0 0
53 145 15 15 145 15 0 0
54 140 16 16 140 16 0 0
55 68 7 7 64 8 0 0
56 57 12 12 55 15 0 0
57 70 14 14 70 14 0 0
58 78 11 11 78 16 0 0
59 79 0 0 75 1 0 0
60 24 0 0 21 2 0 0
61 37 0 0 35 3 0 0
62 33 0 0 33 5 0 0
63 57 8 8 57 8 0 0
64 27 0 0 27 5 0 0
65 69 7 7 69 7 0 0
66 65 13 13 65 13 0 0
67 40 14 14 40 14 0 0
68 38 0 0 38 5 0 0
69 61 0 0 54 3 0 0
70 45 0 0 45 5 0 0
71 33 12 12 33 12 0 0
72 104 0 0 101 2 0 0
73 31 11 11 31 11 0 0
74 37 12 12 37 12 0 0
75 33 0 0 32 4 0 0
76 87 0 0 87 5 0 0
77 62 13 13 62 13 0 0
78 37 6 6 37 6 0 0
79 37 0 0 35 8 0 0
80 36 8 8 36 8 0 0
81 40 12 12 40 12 0 0
82 45 0 0 43 8 0 0
83 51 0 0 49 3 0 0
84 130 0 0 130 5 0 0
85 144 7 7 144 7 0 0
86 129 15 15 129 15 0 0
87 144 0 0 140 1 0 0
88 138 0 0 135 2 0 0
89 147 0 0 145 3 0 0
90 110 6 6 110 6 0 0
91 140 6 6 140 6 0 0
92 125 8 8 125 8 0 0
93 117 8 8 117 8 0 0
94 135 9 9 135 9 0 0
95 125 10 10 125 10 0 0
96 135 10 10 135 10 0 0
97 135 13 13 135 13 0 0
98 130 15 15 130 15 0 0
99 140 15 15 140 15 0 0
100 130 16 16 130 16 0 0
101 140 16 16 140 16 0 0
102 140 16 16 140 16 0 0
103 20 0 0 7 4 0 0
104 122 13 13 122 13 0 0
105 106 10 10 106 10 0 0
106 137 0 0 134 2 0 0
107 145 6 6 145 6 0 0
108 145 10 10 145 10 0 0
109 144 12 12 140 13 0 0
110 86 13 13 86 13 0 0
111 68 13 13 68 13 0 0
112 68 13 13 68 13 0 0
113 23 0 0 22 4 0 0
114 27 9 9 27 9 0 0
115 27 9 9 27 9 0 0
116 27 9 9 27 9 0 0
117 35 11 11 35 11 0 0
118 54 10 10 54 10 0 0
119 54 10 10 54 10 0 0
120 50 9 9 50 9 0 0
121 50 10 10 46 11 0 0
122 50 10 10 46 11 0 0
123 50 10 10 46 11 0 0
124 73 0 0 70 2 0 0
125 62 16 16 62 16 0 0
126 35 0 0 34 4 0 0
127 77 6 6 77 6 0 0
128 68 13 13 68 13 0 0
129 35 10 10 35 10 0 0
130 83 8 8 83 8 0 0
131 61 7 7 61 7 0 0
132 41 11 11 41 11 0 0
133 54 10 10 54 10 0 0
134 22 0 0 20 3 0 0
135 27 14 14 27 14 0 0
136 81 10 10 77 11 0 0
137 24 7 7 24 7 0 0
138 99 7 7 99 7 0 0
139 135 9 9 135 9 0 0
140 144 13 13 144 13 0 0
141 129 10 10 129 10 0 0
142 134 0 0 131 2 0 0
143 130 6 6 130 6 0 0
144 130 6 6 130 6 0 0
145 135 0 0 130 5 0 0
146 135 0 0 130 5 0 0
147 126 0 0 125 9 0 0
148 138 0 0 135 2 0 0
149 127 0 0 125 3 0 0
150 126 0 0 125 4 0 0
151 141 0 0 140 4 0 0
152 140 0 0 140 5 0 0
153 135 6 6 135 6 0 0
154 135 8 8 135 8 0 0
155 145 8 8 145 8 0 0
156 140 9 9 140 9 0 0
157 115 10 10 115 10 0 0
158 125 10 10 125 10 0 0
159 130 10 10 130 10 0 0
160 120 11 11 120 11 0 0
161 140 11 11 140 11 0 0
162 125 13 13 125 13 0 0
163 130 13 13 130 13 0 0
164 125 14 14 125 14 0 0
165 130 15 15 130 15 0 0
166 145 15 15 145 15 0 0
167 140 16 16 140 16 0 0
168 112 0 0 110 3 0 0
169 134 0 0 130 1 0 0
170 130 10 10 130 10 0 0
171 128 16 16 128 16 0 0
172 100 14 14 100 14 0 0
173 28 0 0 25 2 0 0
174 31 0 0 28 2 0 0
175 41 11 11 41 11 0 0
176 49 7 7 49 12 0 0
177 49 0 0 48 4 0 0
178 24 0 0 23 4 0 0
179 66 15 15 66 15 0 0
180 43 8 8 43 8 0 0
181 62 14 14 62 14 0 0
182 30 0 0 26 1 0 0
183 23 0 0 22 9 0 0
184 48 0 0 47 9 0 0
185 99 0 0 98 4 0 0
186 48 0 0 45 2 0 0
187 29 13 13 27 16 0 0
188 31 7 7 31 7 0 0
189 39 14 14 39 14 0 0
190 83 11 11 83 11 0 0
191 64 0 0 60 1 0 0
192 107 7 7 107 7 0 0
193 99 14 14 99 14 0 0
194 135 3 3 135 3 0 0
195 135 3 3 135 3 0 0
196 125 15 15 125 15 0 0
197 129 0 0 125 1 0 0
198 137 14 14 137 14 0 0
199 127 0 0 125 8 0 0
