# idx score qle tle gscore gtle max_off error
0 148 0 0 145 2 0 0
1 147 0 0 145 3 0 0
2 126 0 0 123 2 0 0
3 45 7 7 45 7 0 0
4 34 8 8 34 8 0 0
5 50 8 8 50 8 0 0
6 47 0 0 47 5 0 0
7 56 6 6 56 6 0 0
8 78 8 8 78 8 0 0
9 35 8 8 35 8 0 0
10 99 0 0 98 4 0 0
11 41 0 0 39 3 0 0
12 20 0 0 17 2 0 0
13 57 6 6 57 6 0 0
14 25 0 0 21 1 0 0
15 88 0 0 85 2 0 0
16 128 0 0 125 7 0 0
17 134 0 0 130 1 0 0
18 128 0 0 125 2 0 0
19 143 0 0 140 2 0 0
20 132 0 0 130 3 0 0
21 147 0 0 145 3 0 0
22 146 0 0 145 4 0 0
23 146 0 0 145 4 0 0
24 135 0 0 135 5 0 0
25 113 0 0 110 7 0 0
26 140 7 7 140 7 0 0
27 69 6 6 69 6 0 0
28 117 0 0 115 8 0 0
29 145 8 8 145 8 0 0
30 68 7 7 64 8 0 0
31 79 0 0 75 1 0 0
32 24 0 0 21 2 0 0
33 37 0 0 35 3 0 0
34 33 0 0 33 5 0 0
35 57 8 8 57 8 0 0
36 27 0 0 27 5 0 0
37 69 7 7 69 7 0 0
38 38 0 0 38 5 0 0
39 61 0 0 54 3 0 0
40 45 0 0 45 5 0 0
41 104 0 0 101 2 0 0
42 33 0 0 32 4 0 0
43 87 0 0 87 5 0 0
44 37 6 6 37 6 0 0
45 37 0 0 35 8 0 0
46 36 8 8 36 8 0 0
47 45 0 0 43 8 0 0
48 51 0 0 49 3 0 0
49 130 0 0 130 5 0 0
50 144 7 7 144 7 0 0
51 144 0 0 140 1 0 0
52 138 0 0 135 2 0 0
53 147 0 0 145 3 0 0
54 110 6 6 110 6 0 0
55 140 6 6 140 6 0 0
56 125 8 8 125 8 0 0
57 117 8 8 117 8 0 0
58 137 0 0 134 2 0 0
59 145 6 6 145 6 0 0
60 23 0 0 22 4 0 0
61 73 0 0 70 2 0 0
62 35 0 0 34 4 0 0
63 77 6 6 77 6 0 0
64 83 8 8 83 8 0 0
65 61 7 7 61 7 0 0
66 22 0 0 20 3 0 0
67 24 7 7 24 7 0 0
68 99 7 7 99 7 0 0
69 134 0 0 131 2 0 0
70 130 6 6 130 6 0 0
71 130 6 6 130 6 0 0
72 135 0 0 130 5 0 0
73 135 0 0 130 5 0 0
74 138 0 0 135 2 0 0
75 127 0 0 125 3 0 0
76 126 0 0 125 4 0 0
77 141 0 0 140 4 0 0
78 140 0 0 140 5 0 0
79 135 6 6 135 6 0 0
80 135 8 8 135 8 0 0
81 145 8 8 145 8 0 0
82 112 0 0 110 3 0 0
83 134 0 0 130 1 0 0
84 28 0 0 25 2 0 0
85 31 0 0 28 2 0 0
86 49 0 0 48 4 0 0
87 24 0 0 23 4 0 0
88 43 8 8 43 8 0 0
89 30 0 0 26 1 0 0
90 99 0 0 98 4 0 0
91 48 0 0 45 2 0 0
92 31 7 7 31 7 0 0
93 64 0 0 60 1 0 0
94 107 7 7 107 7 0 0
95 135 3 3 135 3 0 0
96 135 3 3 135 3 0 0
97 129 0 0 125 1 0 0
98 127 0 0 125 8 0 0
99 139 0 0 135 1 0 0
100 128 0 0 125 2 0 0
101 133 0 0 130 2 0 0
102 143 0 0 138 3 0 0
103 142 0 0 140 3 0 0
104 136 0 0 135 4 0 0
105 129 0 0 125 6 0 0
106 135 7 7 135 7 0 0
107 118 0 0 118 5 0 0
108 140 8 8 140 8 0 0
109 20 0 0 10 10 0 0
110 143 0 0 139 1 0 0
111 55 6 6 55 6 0 0
112 22 0 0 19 7 0 0
113 35 0 0 31 1 0 0
114 23 0 0 19 1 0 0
115 63 7 7 63 7 0 0
116 71 0 0 69 3 0 0
117 26 7 7 26 7 0 0
118 82 0 0 79 2 0 0
119 49 0 0 48 4 0 0
120 49 0 0 48 4 0 0
121 144 6 6 144 6 0 0
122 134 0 0 130 1 0 0
123 139 0 0 135 1 0 0
124 131 0 0 131 5 0 0
125 132 0 0 130 3 0 0
126 141 0 0 140 4 0 0
127 140 0 0 140 5 0 0
128 125 6 6 125 6 0 0
129 135 7 7 135 7 0 0
130 130 8 8 130 8 0 0
131 145 8 8 145 8 0 0
132 20 0 0 13 3 0 0
133 128 0 0 125 7 0 0
134 122 7 7 122 7 0 0
135 31 6 6 31 6 0 0
136 27 0 0 23 1 0 0
137 50 0 0 50 5 0 0
138 28 6 6 24 7 0 0
139 40 7 7 40 7 0 0
140 44 0 0 41 2 0 0
141 92 7 7 92 7 0 0
142 41 0 0 40 4 0 0
143 25 7 7 25 7 0 0
144 55 6 6 55 6 0 0
145 46 7 7 46 7 0 0
146 25 7 7 25 7 0 0
147 132 0 0 130 3 0 0
148 125 0 0 125 5 0 0
149 125 8 8 125 8 0 0
150 130 0 0 129 4 0 0
151 128 0 0 125 2 0 0
152 143 0 0 140 2 0 0
153 132 0 0 130 3 0 0
154 147 0 0 145 3 0 0
155 130 0 0 130 5 0 0
156 130 6 6 130 6 0 0
157 135 8 8 135 8 0 0
158 123 0 0 115 2 0 0
159 145 8 8 145 8 0 0
160 63 8 8 63 8 0 0
161 24 0 0 24 5 0 0
162 27 0 0 14 7 0 0
163 60 0 0 54 4 0 0
164 19 0 0 19 5 0 0
165 75 0 0 72 2 0 0
166 45 0 0 43 3 0 0
167 27 0 0 27 8 0 0
168 39 0 0 35 1 0 0
169 29 0 0 28 4 0 0
170 52 0 0 52 5 0 0
171 140 6 6 140 6 0 0
172 125 0 0 125 5 0 0
173 134 0 0 130 1 0 0
174 124 0 0 120 6 0 0
175 130 0 0 130 5 0 0
176 139 0 0 135 1 0 0
177 128 0 0 122 1 0 0
178 138 0 0 135 2 0 0
179 143 0 0 140 2 0 0
180 148 0 0 145 2 0 0
181 128 2 2 122 3 0 0
182 131 0 0 130 4 0 0
183 136 0 0 130 4 0 0
184 135 0 0 135 5 0 0
185 140 6 6 140 6 0 0
186 140 7 7 140 7 0 0
187 135 8 8 135 8 0 0
188 38 0 0 34 1 0 0
189 111 0 0 110 4 0 0
190 23 0 0 17 6 0 0
191 108 2 2 102 3 0 0
192 141 0 0 139 3 0 0
193 127 0 0 125 3 0 0
194 79 6 6 76 8 0 0
195 21 0 0 19 3 0 0
196 26 6 6 26 6 0 0
197 45 0 0 44 4 0 0
198 58 6 6 55 8 0 0
199 25 8 8 25 8 0 0
