# idx score qle tle gscore gtle max_off error
0 148 0 0 145 2 0 0
1 147 0 0 145 3 0 0
2 145 13 13 145 13 0 0
3 136 19 19 136 19 0 0
4 136 21 21 136 21 0 0
5 145 23 23 145 23 0 0
6 145 25 25 145 25 0 0
7 136 28 28 136 28 0 0
8 137 31 31 137 31 0 0
9 126 0 0 123 2 0 0
10 49 12 12 49 12 0 0
11 45 7 7 45 7 0 0
12 98 31 31 98 31 0 0
13 62 20 20 62 20 0 0
14 38 24 24 38 24 0 0
15 77 24 24 77 24 0 0
16 77 21 21 77 21 0 0
17 35 20 20 35 20 0 0
18 45 28 28 45 28 0 0
19 105 27 27 105 27 0 0
20 40 32 32 40 32 0 0
21 94 19 19 94 19 0 0
22 34 8 8 34 8 0 0
23 31 13 13 31 13 0 0
24 50 8 8 50 8 0 0
25 36 18 18 36 18 0 0
26 36 18 18 36 18 0 0
27 43 25 25 43 25 0 0
28 47 0 0 47 5 0 0
29 39 29 29 39 29 0 0
30 52 26 26 52 26 0 0
31 36 21 21 36 21 0 0
32 56 6 6 56 6 0 0
33 67 15 15 67 15 0 0
34 41 23 23 41 23 0 0
35 60 20 20 60 20 0 0
36 78 8 8 78 8 0 0
37 44 26 26 44 26 0 0
38 66 24 24 66 24 0 0
39 66 26 26 66 26 0 0
40 47 23 23 43 29 0 0
41 35 8 8 35 8 0 0
42 45 14 14 45 14 0 0
43 99 0 0 98 4 0 0
44 31 9 9 31 9 0 0
45 72 23 23 72 28 0 0
46 41 0 0 39 3 0 0
47 82 26 26 82 26 0 0
48 20 0 0 17 2 0 0
49 57 6 6 57 6 0 0
50 25 0 0 21 1 0 0
51 96 15 15 96 15 0 0
52 61 22 22 61 22 0 0
53 41 18 18 41 18 0 0
54 97 27 27 97 27 0 0
55 88 0 0 85 2 0 0
56 128 0 0 125 7 0 0
57 130 14 14 130 14 0 0
58 135 10 10 135 10 0 0
59 135 31 31 135 31 0 0
60 135 13 13 135 13 0 0
61 135 13 13 135 13 0 0
62 135 21 21 135 21 0 0
63 125 13 13 125 13 0 0
64 135 23 23 135 23 0 0
65 122 26 26 122 26 0 0
66 126 18 18 125 27 0 0
67 125 21 21 125 21 0 0
68 125 28 28 125 28 0 0
69 124 22 22 124 22 0 0
70 135 28 28 135 28 0 0
71 134 0 0 130 1 0 0
72 128 0 0 125 2 0 0
73 143 0 0 140 2 0 0
74 132 0 0 130 3 0 0
75 147 0 0 145 3 0 0
76 146 0 0 145 4 0 0
77 146 0 0 145 4 0 0
78 135 0 0 135 5 0 0
79 113 0 0 110 7 0 0
80 140 7 7 140 7 0 0
81 125 9 9 125 9 0 0
82 140 9 9 140 9 0 0
83 135 10 10 135 10 0 0
84 140 10 10 140 10 0 0
85 140 11 11 140 11 0 0
86 135 12 12 135 12 0 0
87 130 13 13 130 13 0 0
88 140 13 13 140 13 0 0
89 135 14 14 135 14 0 0
90 140 15 15 140 15 0 0
91 140 16 16 140 16 0 0
92 110 12 12 110 17 0 0
93 130 18 18 130 18 0 0
94 125 19 19 125 19 0 0
95 135 19 19 135 19 0 0
96 134 25 25 134 25 0 0
97 130 16 16 130 21 0 0
98 145 23 23 145 23 0 0
99 135 24 24 135 24 0 0
100 130 25 25 130 25 0 0
101 135 21 21 135 26 0 0
102 117 24 24 115 27 0 0
103 130 28 28 130 28 0 0
104 144 27 27 140 28 0 0
105 130 29 29 130 29 0 0
106 120 30 30 120 30 0 0
107 135 30 30 135 30 0 0
108 140 30 30 140 30 0 0
109 140 30 30 140 30 0 0
110 140 31 31 140 31 0 0
111 125 32 32 125 32 0 0
112 69 6 6 69 6 0 0
113 41 0 0 4 7 0 0
114 115 19 19 115 19 0 0
115 117 0 0 115 8 0 0
116 113 27 27 113 27 0 0
117 100 28 28 100 28 0 0
118 145 8 8 145 8 0 0
119 145 15 15 145 15 0 0
120 140 16 16 140 16 0 0
121 130 21 21 130 21 0 0
122 125 25 25 122 27 0 0
123 145 30 30 145 30 0 0
124 68 7 7 64 8 0 0
125 69 21 21 69 21 0 0
126 85 28 28 85 28 0 0
127 76 25 25 73 27 0 0
128 57 12 12 55 15 0 0
129 70 30 30 70 30 0 0
130 81 22 22 81 22 0 0
131 70 14 14 70 14 0 0
132 50 21 21 50 21 0 0
133 78 11 11 78 16 0 0
134 31 28 28 31 28 0 0
135 46 21 21 46 21 0 0
136 36 20 20 36 20 0 0
137 111 24 24 110 28 0 0
138 61 28 28 61 28 0 0
139 79 0 0 75 1 0 0
140 24 0 0 21 2 0 0
141 37 0 0 35 3 0 0
142 27 18 18 27 18 0 0
143 33 0 0 33 5 0 0
144 57 8 8 57 8 0 0
145 46 21 21 46 21 0 0
146 42 21 21 41 25 0 0
147 22 0 0 0 35 0 0
148 27 0 0 27 5 0 0
149 69 7 7 69 7 0 0
150 65 13 13 65 13 0 0
151 50 30 30 50 30 0 0
152 40 14 14 40 14 0 0
153 52 25 25 52 25 0 0
154 38 0 0 38 5 0 0
155 71 23 23 71 23 0 0
156 77 18 18 77 18 0 0
157 61 0 0 54 3 0 0
158 45 0 0 45 5 0 0
159 33 12 12 33 12 0 0
160 104 0 0 101 2 0 0
161 31 11 11 31 11 0 0
162 37 12 12 37 12 0 0
163 75 32 32 75 32 0 0
164 33 0 0 32 4 0 0
165 87 0 0 87 5 0 0
166 62 13 13 62 13 0 0
167 38 21 21 35 23 0 0
168 73 29 29 73 29 0 0
169 37 6 6 37 6 0 0
170 37 0 0 35 8 0 0
171 36 8 8 36 8 0 0
172 40 12 12 40 12 0 0
173 45 0 0 43 8 0 0
174 63 28 28 63 28 0 0
175 51 0 0 49 3 0 0
176 107 18 18 107 18 0 0
177 130 0 0 130 5 0 0
178 135 17 17 135 17 0 0
179 135 27 27 135 27 0 0
180 130 30 30 130 30 0 0
181 139 21 21 139 21 0 0
182 144 7 7 144 7 0 0
183 134 25 25 134 25 0 0
184 125 32 32 125 32 0 0
185 132 30 30 132 30 0 0
186 125 29 29 125 29 0 0
187 130 22 22 130 22 0 0
188 129 15 15 129 15 0 0
189 136 17 17 136 17 0 0
190 144 0 0 140 1 0 0
191 138 0 0 135 2 0 0
192 147 0 0 145 3 0 0
193 128 30 30 128 30 0 0
194 110 6 6 110 6 0 0
195 140 6 6 140 6 0 0
196 125 8 8 125 8 0 0
197 117 8 8 117 8 0 0
198 135 9 9 135 9 0 0
199 125 10 10 125 10 0 0
