# idx score qle tle gscore gtle max_off error
0 148 0 0 145 2 0 0
1 147 0 0 145 3 0 0
2 145 13 13 145 13 0 0
3 136 19 19 136 19 0 0
4 136 21 21 136 21 0 0
5 145 23 23 145 23 0 0
6 145 25 25 145 25 0 0
7 136 28 28 136 28 0 0
8 137 31 31 137 31 0 0
9 139 35 35 139 35 0 0
10 145 38 38 145 38 0 0
11 143 37 37 140 39 0 0
12 145 40 40 145 40 0 0
13 142 43 43 140 46 0 0
14 135 50 50 135 50 0 0
15 145 52 52 145 52 0 0
16 125 55 55 125 55 0 0
17 129 57 57 129 57 0 0
18 135 58 58 135 58 0 0
19 140 58 58 140 58 0 0
