# idx score qle tle gscore gtle max_off error
0 148 0 0 145 2 0 0
1 147 0 0 145 3 0 0
2 145 13 13 145 13 0 0
3 136 19 19 136 19 0 0
4 136 21 21 136 21 0 0
5 145 23 23 145 23 0 0
6 145 25 25 145 25 0 0
7 136 28 28 136 28 0 0
8 137 31 31 137 31 0 0
9 139 35 35 139 35 0 0
10 145 38 38 145 38 0 0
11 143 37 37 140 39 0 0
12 145 40 40 145 40 0 0
13 142 43 43 140 46 0 0
14 135 50 50 135 50 0 0
15 145 52 52 145 52 0 0
16 125 55 55 125 55 0 0
17 129 57 57 129 57 0 0
18 135 58 58 135 58 0 0
19 140 58 58 140 58 0 0
20 140 60 60 140 60 0 0
21 135 64 64 135 64 0 0
22 126 0 0 123 2 0 0
23 49 12 12 49 12 0 0
24 133 67 67 133 67 0 0
25 69 39 39 69 39 0 0
26 45 7 7 45 7 0 0
27 51 37 37 51 37 0 0
28 130 69 69 130 69 0 0
29 45 40 40 45 40 0 0
30 98 31 31 98 31 0 0
31 129 64 64 125 70 0 0
32 77 58 58 77 58 0 0
33 71 55 55 71 55 0 0
34 104 71 71 104 71 0 0
35 76 61 61 76 61 0 0
36 62 20 20 62 20 0 0
37 78 50 50 78 50 0 0
38 130 72 72 130 72 0 0
39 38 24 24 38 24 0 0
40 102 73 73 102 73 0 0
41 121 73 73 121 73 0 0
42 127 73 73 127 73 0 0
43 135 73 73 135 73 0 0
44 77 24 24 77 24 0 0
45 135 74 74 135 74 0 0
46 62 48 48 62 48 0 0
47 77 21 21 77 21 0 0
48 81 53 53 81 53 0 0
49 110 75 75 110 75 0 0
50 35 20 20 35 20 0 0
51 45 28 28 45 28 0 0
52 115 73 73 113 76 0 0
53 79 50 50 79 50 0 0
54 105 27 27 105 27 0 0
55 40 32 32 40 32 0 0
56 64 41 41 64 41 0 0
57 145 78 78 145 78 0 0
58 76 45 46 76 46 1 0
59 135 79 79 135 79 0 0
60 89 59 59 89 59 0 0
61 77 66 66 77 66 0 0
62 21 39 46 0 144 7 0
63 41 39 46 0 155 7 0
64 72 59 59 72 59 0 0
65 101 40 40 101 40 0 0
66 140 81 81 140 81 0 0
67 85 62 62 85 62 0 0
68 135 82 82 135 82 0 0
69 94 65 65 94 65 0 0
70 85 70 70 85 70 0 0
71 127 83 83 127 83 0 0
72 140 83 83 140 83 0 0
73 91 66 66 91 66 0 0
74 140 84 84 140 84 0 0
75 89 65 65 89 65 0 0
76 134 85 85 134 85 0 0
77 130 85 85 130 85 0 0
78 54 45 45 54 45 0 0
79 112 50 50 112 50 0 0
80 120 87 87 120 87 0 0
81 86 68 68 86 68 0 0
82 100 86 86 97 88 0 0
83 82 47 47 82 47 0 0
84 118 54 54 118 54 0 0
85 86 72 72 86 72 0 0
86 85 80 80 85 80 0 0
87 140 90 90 140 90 0 0
88 85 70 70 85 70 0 0
89 105 61 61 105 61 0 0
90 85 52 52 85 52 0 0
91 117 92 92 117 92 0 0
92 96 73 73 96 73 0 0
93 135 93 93 135 93 0 0
94 96 94 94 96 94 0 0
95 130 94 94 130 94 0 0
96 140 94 94 140 94 0 0
97 122 95 95 122 95 0 0
98 130 95 95 130 95 0 0
99 134 96 96 134 96 0 0
100 98 62 62 98 62 0 0
101 92 76 76 92 76 0 0
102 140 97 97 140 97 0 0
103 135 97 97 135 97 0 0
104 96 83 83 96 83 0 0
105 92 82 82 92 82 0 0
106 117 99 99 117 99 0 0
107 140 99 99 140 99 0 0
108 92 86 86 92 86 0 0
109 105 100 100 105 100 0 0
110 105 100 100 105 100 0 0
111 145 100 100 145 100 0 0
112 113 78 78 113 78 0 0
113 130 101 101 130 101 0 0
114 92 90 90 92 90 0 0
115 114 74 74 114 74 0 0
116 126 98 98 125 102 0 0
117 122 103 103 122 103 0 0
118 135 103 103 135 103 0 0
119 101 91 91 101 91 0 0
120 141 100 100 140 104 0 0
121 145 104 104 145 104 0 0
122 125 105 105 125 105 0 0
123 120 106 106 120 106 0 0
124 107 88 89 107 89 1 0
125 125 107 107 125 107 0 0
126 122 108 108 122 108 0 0
127 105 89 88 105 88 1 0
128 135 109 109 135 109 0 0
129 140 110 110 140 110 0 0
130 133 111 111 133 111 0 0
131 130 111 111 130 111 0 0
132 118 112 112 118 112 0 0
133 130 112 112 130 112 0 0
134 130 112 112 130 112 0 0
135 137 113 113 137 113 0 0
136 135 113 113 135 113 0 0
137 115 99 99 115 99 0 0
138 125 115 115 125 115 0 0
139 121 116 116 121 116 0 0
140 135 116 116 135 116 0 0
141 130 117 117 130 117 0 0
142 120 118 118 120 118 0 0
143 125 119 119 125 119 0 0
144 135 120 120 135 120 0 0
145 135 121 121 135 121 0 0
146 130 121 121 130 121 0 0
147 140 122 122 140 122 0 0
148 125 123 123 125 123 0 0
149 26 0 0 0 150 0 0
150 115 124 124 115 124 0 0
151 145 125 125 145 125 0 0
152 135 126 126 135 126 0 0
153 120 126 126 120 126 0 0
154 120 127 127 120 127 0 0
155 140 127 127 140 127 0 0
156 145 128 128 145 128 0 0
157 120 129 129 120 129 0 0
158 145 130 130 145 130 0 0
159 130 131 131 130 131 0 0
160 130 131 131 130 131 0 0
161 94 19 19 94 19 0 0
162 34 8 8 34 8 0 0
163 31 13 13 31 13 0 0
164 50 8 8 50 8 0 0
165 36 18 18 36 18 0 0
166 36 18 18 36 18 0 0
167 43 25 25 43 25 0 0
168 47 0 0 47 5 0 0
169 39 29 29 39 29 0 0
170 50 40 40 50 40 0 0
171 52 26 26 52 26 0 0
172 36 21 21 36 21 0 0
173 56 6 6 56 6 0 0
174 67 15 15 67 15 0 0
175 41 23 23 41 23 0 0
176 60 20 20 60 20 0 0
177 78 8 8 78 8 0 0
178 44 26 26 44 26 0 0
179 66 24 24 66 24 0 0
180 66 26 26 66 26 0 0
181 47 23 23 43 29 0 0
182 35 8 8 35 8 0 0
183 45 14 14 45 14 0 0
184 64 53 53 64 53 0 0
185 64 53 53 64 53 0 0
186 54 42 42 54 42 0 0
187 99 0 0 98 4 0 0
188 31 9 9 31 9 0 0
189 72 23 23 72 28 0 0
190 41 0 0 39 3 0 0
191 82 26 26 82 26 0 0
192 20 0 0 17 2 0 0
193 57 6 6 57 6 0 0
194 70 60 60 70 60 0 0
195 25 0 0 21 1 0 0
196 68 49 49 68 49 0 0
197 96 15 15 96 15 0 0
198 69 31 31 66 38 0 0
199 61 22 22 61 22 0 0
