200
0 2 3 148 5 6 1 6 1 100 148 0 0 145 2 0
1 0
0 0 3
0 3 4 147 5 6 1 6 1 100 147 0 0 145 3 0
1 1 2
0 1 2 3
0 13 21 137 5 6 1 6 1 100 145 13 13 145 13 0
3 3 3 2 1 2 1 1 0 1 2 0 1
2 3 3 2 1 2 1 1 0 1 2 0 1 1 3 1 3 3 1 3 0
0 19 33 122 5 6 1 6 1 100 136 19 19 136 19 0
0 3 0 3 1 2 1 3 0 0 3 3 3 3 0 2 2 2 0
3 3 0 3 1 2 1 3 0 0 3 3 3 3 0 2 2 2 0 3 0 0 0 0 0 2 3 1 0 2 1 3 0
0 21 37 120 5 6 1 6 1 100 136 21 21 136 21 0
1 3 3 3 2 1 1 0 1 2 1 2 2 3 1 2 1 1 1 2 0
0 3 3 3 2 1 1 0 1 2 1 2 2 3 1 2 1 1 1 2 0 3 0 3 3 3 0 0 0 2 1 3 1 3 1 0 0
0 23 41 127 5 6 1 6 1 100 145 23 23 145 23 0
3 0 1 2 2 2 3 1 3 2 1 3 2 2 3 1 2 3 2 0 0 0 3
2 0 1 2 2 2 3 1 3 2 1 3 2 2 3 1 2 3 2 0 0 0 3 0 2 1 0 2 1 2 2 3 0 1 2 0 2 3 2 1 3
0 25 45 125 5 6 1 6 1 100 145 25 25 145 25 0
0 0 1 1 3 3 3 3 1 3 3 3 2 0 1 1 1 3 2 0 1 3 1 2 1
3 0 1 1 3 3 3 3 1 3 3 3 2 0 1 1 1 3 2 0 1 3 1 2 1 2 3 2 0 2 3 2 2 1 2 1 2 0 1 1 0 3 0 0 3
0 28 51 113 5 6 1 6 1 100 136 28 28 136 28 0
1 3 2 2 3 1 0 2 3 1 0 0 1 2 3 1 2 3 3 0 0 3 3 3 2 1 1 0
0 3 2 2 3 1 0 2 3 1 0 0 1 2 3 1 2 3 3 0 0 3 3 3 2 1 1 0 3 3 3 3 1 2 1 1 2 3 0 2 0 0 3 3 1 2 2 3 1 1 0
0 31 57 111 5 6 1 6 1 100 137 31 31 137 31 0
1 0 2 2 2 1 2 2 1 1 0 1 2 0 1 1 0 1 2 3 1 3 0 1 2 0 2 1 3 2 2
0 0 2 2 2 1 2 2 1 1 0 1 2 0 1 1 0 1 2 3 1 3 0 1 2 0 2 1 3 2 2 1 1 2 0 1 1 3 3 3 1 0 1 3 3 3 0 2 2 0 1 1 2 0 1 3 2
0 35 65 109 5 6 1 6 1 100 139 35 35 139 35 0
1 3 3 2 0 3 0 2 0 0 1 2 2 1 2 2 1 3 0 2 3 1 1 0 3 2 2 2 1 2 0 0 0 2 1
0 3 3 2 0 3 0 2 0 0 1 2 2 1 2 2 1 3 0 2 3 1 1 0 3 2 2 2 1 2 0 0 0 2 1 0 1 2 0 1 2 2 3 2 3 3 2 3 0 2 2 0 0 2 0 1 1 2 1 0 3 3 0 1 3
0 38 71 112 5 6 1 6 1 100 145 38 38 145 38 0
2 2 0 1 3 0 0 2 2 1 1 1 1 2 2 1 3 3 3 2 1 1 2 0 0 3 3 0 0 0 3 2 3 0 1 2 2 3
1 2 0 1 3 0 0 2 2 1 1 1 1 2 2 1 3 3 3 2 1 1 2 0 0 3 3 0 0 0 3 2 3 0 1 2 2 3 0 2 0 3 0 2 0 1 1 3 3 0 2 3 1 3 0 3 2 1 2 2 3 1 0 2 0 2 1 2 1 2 1
0 39 73 111 5 6 1 6 1 100 143 37 37 140 39 0
3 1 2 0 1 3 3 1 0 3 1 1 0 2 2 2 3 3 1 1 1 0 3 0 1 1 2 0 1 0 0 2 1 2 2 3 0 1 0
1 1 2 0 1 3 3 1 0 3 1 1 0 2 2 2 3 3 1 1 1 0 3 0 1 1 2 0 1 0 0 2 1 2 2 3 0 0 0 3 3 3 1 0 1 1 0 3 2 1 2 1 3 1 2 0 1 1 1 0 0 0 3 1 3 3 2 1 0 2 1 0 1
0 40 75 110 5 6 1 6 1 100 145 40 40 145 40 0
1 3 3 1 0 2 0 1 1 2 1 3 2 3 2 0 2 0 1 3 1 0 1 2 2 3 0 0 0 2 2 3 3 3 2 3 1 1 0 2
0 3 3 1 0 2 0 1 1 2 1 3 2 3 2 0 2 0 1 3 1 0 1 2 2 3 0 0 0 2 2 3 3 3 2 3 1 1 0 2 0 3 2 1 1 0 3 3 2 1 2 0 3 3 0 2 0 1 0 3 2 3 3 0 3 3 3 3 0 2 0 0 2 1 3
0 46 87 104 5 6 1 6 1 100 142 43 43 140 46 0
2 1 3 2 1 2 2 3 1 2 1 3 3 3 3 0 0 3 0 2 1 3 2 1 3 0 1 2 0 1 0 3 1 2 0 2 1 2 3 0 2 2 1 3 1 3
1 1 3 2 1 2 2 3 1 2 1 3 3 3 3 0 0 3 0 2 1 3 2 1 3 0 1 2 0 1 0 3 1 2 0 2 1 2 3 0 2 2 1 2 1 3 1 2 3 1 1 0 3 1 1 2 1 3 2 1 3 0 3 3 3 1 0 2 3 0 2 2 0 2 1 1 2 2 0 2 0 2 0 1 1 0 1
0 50 95 100 5 6 1 6 1 100 135 50 50 135 50 0
1 1 2 2 1 3 0 3 3 1 3 0 1 1 2 2 2 0 0 3 0 3 2 2 1 1 0 0 3 3 3 3 3 2 1 0 1 1 2 3 3 2 0 1 3 1 2 1 2 1
0 1 2 2 1 3 0 3 3 1 3 0 1 1 2 2 2 0 0 3 0 2 2 2 1 1 0 0 3 3 3 3 3 2 1 0 1 1 2 3 3 2 3 1 3 1 2 1 2 1 3 3 1 2 2 2 0 1 2 0 1 2 1 2 3 3 1 2 2 1 1 3 3 0 1 1 3 0 1 3 3 3 3 0 2 3 3 1 2 0 0 2 2 3 1
0 52 99 98 5 6 1 6 1 100 145 52 52 145 52 0
3 2 0 1 0 2 2 1 0 2 1 3 0 3 0 2 1 1 0 0 1 2 3 1 1 0 2 0 1 1 0 0 1 2 2 0 1 3 1 2 1 3 2 0 1 1 1 2 2 3 0 2
2 2 0 1 0 2 2 1 0 2 1 3 0 3 0 2 1 1 0 0 1 2 3 1 1 0 2 0 1 1 0 0 1 2 2 0 1 3 1 2 1 3 2 0 1 1 1 2 2 3 0 2 3 0 0 1 1 1 2 0 1 1 3 1 3 2 3 0 0 1 2 0 0 0 1 2 1 1 0 3 1 1 0 2 1 1 2 0 0 0 3 0 2 3 1 2 3 1 0
0 55 105 95 5 6 1 6 1 100 125 55 55 125 55 0
0 0 3 3 2 0 1 1 2 3 3 2 2 3 1 2 1 3 0 0 2 3 0 2 0 0 0 0 1 2 0 1 1 3 2 2 1 0 3 1 2 0 1 3 0 0 0 3 3 3 2 3 0 2 3
3 3 3 3 2 0 1 1 2 3 3 2 2 3 1 2 1 3 0 0 2 3 0 2 0 0 0 0 1 1 0 1 1 3 1 2 1 0 3 1 2 0 1 3 0 0 3 3 3 3 2 3 0 2 3 2 3 3 0 2 3 0 2 3 1 1 3 3 3 0 0 2 1 3 2 1 2 2 0 0 2 3 0 3 3 3 3 1 1 2 3 0 0 3 2 1 2 0 2 3 3 1 3 0 0
0 57 109 77 5 6 1 6 1 100 129 57 57 129 57 0
0 1 0 0 2 3 3 0 0 0 1 2 2 3 0 2 1 2 3 1 3 2 1 1 0 3 3 2 3 3 0 2 3 1 2 2 3 2 0 0 1 2 0 2 0 1 2 0 1 3 3 0 3 0 0 2 3
3 1 0 0 2 3 3 0 0 0 1 2 2 3 0 2 1 2 3 1 3 2 1 1 0 3 3 2 3 3 0 2 3 1 2 2 3 2 0 0 1 2 0 2 0 1 2 0 1 3 3 0 3 0 0 2 3 0 2 0 0 2 2 1 1 0 3 3 0 1 3 0 1 0 0 3 1 2 3 3 0 3 1 2 3 2 3 0 1 1 2 2 2 1 2 0 1 2 0 0 2 2 3 1 2 1 0 0 0
0 58 111 87 5 6 1 6 1 100 135 58 58 135 58 0
0 1 0 1 3 0 1 3 2 3 0 0 0 2 0 1 3 2 1 1 3 1 0 0 3 3 3 0 3 2 2 1 0 0 2 3 3 0 1 2 1 0 3 1 3 0 3 0 2 3 1 0 3 0 2 0 3 3
3 1 0 1 3 0 1 3 2 3 0 0 0 2 0 1 3 2 1 1 2 1 0 0 3 3 3 0 3 2 2 1 0 0 2 3 3 0 1 2 1 0 3 1 3 0 3 0 2 3 1 0 3 0 2 0 3 3 3 1 2 2 1 0 2 1 3 0 0 1 0 2 3 0 0 2 0 3 2 2 1 3 0 3 0 0 3 3 0 3 3 2 0 1 3 0 0 2 3 1 3 1 1 2 0 1 0 3 3 0 1
0 58 111 92 5 6 1 6 1 100 140 58 58 140 58 0
1 3 2 2 0 1 0 2 2 1 1 1 1 2 1 0 3 3 0 0 0 2 1 0 2 3 2 3 0 0 3 3 0 3 3 0 2 3 2 2 3 2 0 1 3 1 1 3 2 1 1 0 3 0 0 3 2 1
0 3 2 2 0 1 0 2 2 1 1 1 1 2 1 0 3 3 0 0 0 2 1 0 2 3 2 3 0 0 3 3 3 3 3 0 2 3 2 2 3 2 0 1 3 1 1 3 2 1 1 0 3 0 0 3 2 1 1 1 2 2 0 0 1 1 1 1 3 0 1 2 2 3 2 2 2 0 2 3 3 0 1 1 3 2 1 0 1 3 1 2 0 0 0 2 2 1 0 1 1 2 2 0 2 0 0 3 0 0 0
0 60 115 90 5 6 1 6 1 100 140 60 60 140 60 0
0 2 1 0 2 0 1 2 2 3 2 2 0 2 3 2 1 2 2 3 1 2 1 0 0 1 2 0 2 1 1 1 1 0 1 1 3 1 2 0 1 3 3 3 2 3 2 2 3 1 2 3 0 2 3 0 2 3 2 0
3 2 1 0 2 0 1 2 2 3 2 2 0 2 3 2 1 2 2 3 1 2 1 0 0 1 2 0 2 1 1 1 1 0 1 1 2 1 2 0 1 3 3 3 2 3 2 2 3 1 2 3 0 2 3 0 2 3 2 0 3 2 2 1 0 1 3 2 3 2 3 3 0 3 2 3 1 0 1 2 1 2 3 0 3 3 0 2 2 2 3 2 1 2 2 1 3 2 1 0 1 3 3 2 2 3 1 3 1 0 2 0 0 3 2
0 64 123 76 5 6 1 6 1 100 135 64 64 135 64 0
3 0 2 0 3 2 3 1 2 3 3 1 1 2 3 0 0 3 2 2 1 3 3 3 1 3 3 1 3 0 0 0 2 0 0 3 2 1 2 0 1 1 1 2 2 1 3 1 2 3 3 2 3 0 0 0 1 0 1 3 3 0 0 0
2 0 2 0 3 2 3 1 2 3 3 1 1 2 3 0 0 3 2 2 1 3 3 3 1 3 3 1 3 0 0 0 2 0 0 3 2 1 2 0 1 1 1 2 2 1 3 1 2 3 3 2 3 0 0 0 1 0 1 3 3 0 0 0 0 0 1 1 1 2 0 1 3 2 1 1 2 3 2 1 2 2 1 2 3 2 3 1 2 2 2 1 0 2 3 2 1 2 0 3 2 2 0 3 0 0 2 1 0 2 1 3 0 1 3 0 0 1 3 2 0 2 1
0 2 126 126 5 6 1 6 1 100 126 0 0 123 2 0
0 1
3 1 0 1 0 2 2 1 0 3 3 2 3 0 3 3 2 3 3 2 2 3 0 1 2 2 1 2 2 3 2 2 3 2 2 3 1 2 1 2 3 2 0 1 2 1 2 1 3 0 3 3 0 2 2 2 3 3 0 1 2 3 2 3 3 0 1 1 3 2 2 3 1 3 3 2 1 2 0 1 2 2 0 0 1 2 0 2 0 0 2 1 2 1 0 3 3 0 1 0 0 0 2 2 3 1 2 3 0 2 1 2 2 3 2 1 1 2 2 0 1 0 2 1 1 3
0 12 129 42 5 6 1 6 1 100 49 12 12 49 12 0
3 1 2 2 1 2 2 3 1 2 3 3
2 1 2 2 1 2 2 3 1 2 3 3 2 3 0 2 3 3 3 0 1 2 1 2 3 1 2 2 3 1 2 1 0 0 3 2 3 3 2 2 0 2 1 1 1 3 0 0 1 0 2 1 0 0 1 0 3 2 3 3 2 3 1 1 1 2 1 3 0 0 0 1 2 0 2 2 2 1 2 3 1 0 1 3 3 3 2 2 1 0 1 3 3 3 3 0 1 1 2 2 1 0 2 3 1 1 1 0 0 1 2 2 3 0 3 2 3 1 3 2 3 2 2 2 3 2 2 3 0
0 39 131 35 5 6 1 6 1 100 69 39 39 69 39 0
3 2 2 2 0 2 2 1 1 2 3 3 3 0 3 0 3 3 1 3 1 3 3 0 2 3 0 0 1 2 0 0 3 0 2 2 2 2 1
2 2 2 2 0 2 2 1 1 2 3 3 3 0 3 0 3 3 1 3 1 3 3 0 2 3 0 0 1 2 0 0 3 0 2 2 2 2 1 2 3 3 3 3 2 2 1 2 2 3 1 2 0 3 2 1 2 2 3 0 2 0 1 1 0 1 3 0 1 3 1 3 2 1 1 1 3 1 2 3 3 1 2 0 0 3 0 0 2 2 3 0 0 0 0 3 3 3 0 0 3 0 0 3 2 2 1 1 0 1 3 3 3 0 2 3 3 1 0 0 2 3 3 3 0 3 2 1 1 2 3
0 7 132 43 5 6 1 6 1 100 45 7 7 45 7 0
1 1 1 3 3 1 3
0 1 1 3 3 1 3 1 3 3 3 0 1 1 3 3 3 0 3 3 3 3 3 1 3 3 2 0 1 3 2 3 2 2 1 2 1 3 0 2 3 3 3 3 3 3 2 2 3 3 3 3 3 2 0 1 2 3 3 0 3 2 2 2 3 2 3 1 2 1 0 1 3 0 3 0 3 1 3 0 2 1 2 3 0 0 3 3 0 2 0 0 0 3 3 3 3 2 3 1 2 1 0 0 1 3 2 3 1 3 3 1 2 2 3 0 3 3 3 3 0 3 3 1 2 3 3 2 2 1 3 3
0 37 133 24 5 6 1 6 1 100 51 37 37 51 37 0
3 3 2 3 3 3 3 1 1 2 3 2 1 0 3 3 3 0 0 0 1 2 2 1 3 0 0 3 1 0 0 3 2 1 2 3 3
2 3 2 3 3 3 3 1 1 2 3 2 1 0 3 3 3 0 0 0 1 2 2 1 3 0 0 3 0 0 0 3 2 1 2 3 3 3 0 0 0 1 2 1 0 1 2 2 3 3 3 3 0 0 0 0 2 3 0 0 2 3 0 3 3 3 1 3 3 3 3 3 0 0 1 3 1 3 3 2 0 0 3 2 0 2 3 3 3 0 0 0 2 0 0 0 1 3 1 0 1 0 3 3 3 0 0 0 0 3 1 0 2 3 2 0 3 0 0 0 0 2 0 3 3 0 3 0 1 3 0 1 3
0 40 135 20 5 6 1 6 1 100 45 40 40 45 40 0
3 0 1 3 0 3 0 2 2 2 1 2 3 0 3 3 1 3 3 3 1 3 1 1 2 3 0 0 0 0 0 0 3 2 3 2 1 2 3 1
3 0 1 3 0 3 0 0 2 2 1 2 3 0 3 3 1 3 3 0 1 3 1 1 2 3 0 0 0 0 0 0 3 3 3 2 1 2 3 1 0 1 2 1 2 0 1 3 3 1 0 1 0 1 1 0 0 1 1 3 0 3 3 3 3 3 3 1 0 2 3 3 0 2 2 3 0 0 2 3 1 1 3 3 3 0 3 2 1 1 1 2 1 0 3 0 0 2 0 0 0 0 2 0 0 0 2 1 3 2 3 3 0 1 3 1 1 2 2 1 0 0 1 1 2 3 3 3 3 0 3 3 3 3 0
0 31 135 77 5 6 1 6 1 100 98 31 31 98 31 0
1 1 3 0 2 1 2 1 1 3 3 1 0 2 1 2 0 2 2 1 2 3 1 2 1 1 1 2 3 3 3
0 1 3 0 2 1 2 1 1 3 3 1 0 2 1 2 3 2 2 1 2 3 1 2 1 1 1 2 3 3 3 3 1 3 1 1 2 0 2 1 0 2 2 0 0 0 2 2 1 2 2 0 2 1 2 0 1 0 1 3 0 0 2 3 1 0 0 3 1 1 2 3 2 2 0 3 2 1 3 2 1 1 0 3 2 1 3 0 0 0 3 0 3 3 2 1 2 2 2 1 2 2 3 3 1 0 1 1 0 1 1 3 0 3 3 3 3 0 0 1 1 0 2 3 0 2 0 1 0 1 0 1 3 2 0
0 58 136 24 5 6 1 6 1 100 77 58 58 77 58 0
2 2 0 0 0 3 0 0 1 3 2 3 1 2 1 2 1 1 0 3 2 3 3 1 3 3 0 2 3 2 0 1 1 3 3 1 2 2 3 0 0 1 1 0 1 3 3 1 2 1 0 0 1 3 3 0 1 3
1 2 0 0 0 3 0 0 1 3 2 3 1 2 1 2 1 1 0 3 2 3 3 1 3 3 0 2 3 2 0 1 1 3 3 1 2 2 3 0 0 1 1 0 1 3 3 1 2 1 0 0 1 3 3 0 1 3 3 3 3 2 1 1 2 3 3 1 1 0 0 3 0 0 1 0 1 3 2 2 1 1 0 0 1 0 2 0 1 1 1 1 1 2 3 3 3 3 1 3 3 1 3 0 2 3 1 3 0 2 2 1 2 1 3 3 1 0 2 2 3 2 2 2 1 3 3 3 1 0 1 2 0 1 1 3
0 55 137 21 5 6 1 6 1 100 71 55 55 71 55 0
2 3 1 2 1 2 1 3 0 2 0 0 3 0 2 1 1 2 3 3 1 3 0 2 1 3 2 1 1 2 3 0 0 2 0 2 2 0 2 1 3 0 2 0 0 1 1 2 1 0 2 0 2 0 0
1 3 1 2 1 2 1 3 0 2 0 0 3 0 2 1 1 2 3 3 1 3 0 2 1 3 2 1 1 2 3 0 0 2 0 2 2 0 2 1 3 0 2 0 0 1 1 2 1 0 2 0 2 0 0 2 3 2 2 1 2 3 3 2 0 0 1 3 0 1 3 0 1 2 0 1 3 3 2 1 0 1 1 2 0 0 0 0 2 2 0 0 0 3 0 1 2 1 2 1 3 0 1 1 0 2 2 1 2 0 1 1 3 2 3 0 1 2 1 0 3 0 1 1 3 2 2 2 3 3 2 2 2 1 0 1 1
0 61 138 20 5 6 1 6 1 100 76 61 61 76 61 0
2 1 1 3 3 0 1 1 0 2 1 0 1 3 3 1 3 3 1 2 2 1 2 2 3 3 0 2 3 0 2 1 1 3 3 3 0 3 3 1 2 2 1 3 1 1 3 0 3 3 2 2 3 1 2 3 0 0 3 2 2
1 1 1 3 3 0 1 1 0 2 1 0 1 3 3 1 3 3 1 2 2 1 2 2 3 3 0 2 3 0 2 1 1 3 3 3 0 3 3 1 2 2 1 3 1 1 3 0 3 3 2 2 3 1 2 3 0 0 3 2 2 1 2 1 3 0 1 1 0 0 2 1 2 2 2 1 3 2 3 0 3 3 2 1 0 1 3 3 1 2 1 3 2 1 2 2 3 1 0 2 3 0 2 0 1 3 3 0 3 3 2 2 2 2 3 0 0 3 0 0 0 0 1 2 1 2 3 3 3 2 1 0 1 1 0 0 3 3
0 20 139 52 5 6 1 6 1 100 62 20 20 62 20 0
3 2 2 3 2 3 0 3 0 3 1 1 0 2 3 2 2 3 1 2
2 2 2 3 2 3 0 3 0 2 1 1 0 2 3 2 2 3 1 2 1 2 2 0 1 1 0 2 3 2 1 2 1 1 2 1 3 2 3 3 0 0 2 3 2 2 3 1 2 3 2 2 3 3 0 1 1 2 0 0 0 0 0 2 2 3 1 3 2 0 2 0 1 1 2 0 3 3 2 1 1 0 2 1 0 3 0 1 2 3 2 2 1 2 2 0 1 3 1 2 1 1 3 1 0 1 1 0 2 3 0 2 3 2 2 3 2 0 0 0 2 2 3 1 0 0 2 0 1 2 1 3 0 1 1 2 0 3 3
0 50 139 43 5 6 1 6 1 100 78 50 50 78 50 0
2 3 1 0 1 3 0 1 1 3 2 3 1 0 0 1 2 2 2 1 0 2 3 1 2 2 2 3 3 0 2 2 3 0 2 3 1 0 0 2 1 1 0 0 0 3 3 1 1 0
1 3 1 0 1 3 0 1 1 3 2 3 1 0 0 1 2 2 2 1 0 2 3 1 2 2 2 3 2 0 2 2 3 0 2 3 1 0 0 2 1 1 0 3 0 3 3 1 1 0 1 1 3 3 0 3 1 2 1 2 1 2 1 2 2 3 0 2 0 2 2 1 2 2 3 1 1 2 0 0 3 0 0 0 0 3 3 3 1 3 2 3 3 0 2 3 1 3 3 3 0 1 1 2 3 1 2 3 1 3 3 3 2 3 1 2 3 3 1 3 0 2 3 3 2 2 3 1 3 0 3 0 3 0 1 1 2 3 3
0 24 140 19 5 6 1 6 1 100 38 24 24 38 24 0
0 0 1 0 3 0 0 1 0 1 0 2 3 1 0 0 2 0 1 2 3 0 3 1
3 0 1 0 3 0 0 1 0 1 0 2 3 1 0 0 2 0 1 2 3 0 3 1 3 3 3 1 3 3 2 1 3 0 2 1 2 2 0 0 0 2 3 1 2 1 1 3 0 1 3 2 1 1 2 1 2 3 0 0 0 2 1 1 2 3 3 2 2 1 2 2 2 3 1 0 2 1 2 2 0 0 2 0 0 0 3 3 3 2 0 2 1 0 1 1 0 0 2 3 1 1 2 2 3 2 1 1 1 2 0 1 2 1 2 1 1 2 3 3 1 1 3 3 0 1 1 2 1 0 2 0 0 0 0 3 3 1 3 1
0 24 143 58 5 6 1 6 1 100 77 24 24 77 24 0
1 1 2 2 1 2 1 2 1 0 0 3 0 0 1 2 0 0 3 0 1 2 0 0
0 1 2 2 1 2 1 2 1 0 0 3 0 0 1 2 0 0 3 0 1 2 0 0 2 1 0 3 0 1 2 2 0 0 2 2 0 2 1 1 3 0 3 2 1 3 3 0 3 0 3 0 0 3 0 1 3 2 1 2 2 1 1 0 0 1 2 2 3 2 2 3 2 2 3 0 0 3 0 2 3 1 0 3 0 1 1 0 1 2 0 1 0 0 2 1 2 2 0 0 2 0 2 2 3 2 2 0 1 1 1 0 0 0 2 2 3 2 2 3 3 2 1 1 1 1 2 1 3 3 3 3 0 1 0 0 1 1 1 1 2 2 3
0 48 144 19 5 6 1 6 1 100 62 48 48 62 48 0
3 2 2 2 3 1 1 2 0 1 3 0 0 1 3 3 3 0 1 2 2 2 0 0 2 0 1 0 0 0 2 3 1 1 2 3 0 3 3 3 1 2 2 2 2 3 3 3
2 2 2 2 3 1 1 2 0 1 3 0 0 1 3 3 3 0 1 2 2 2 0 0 2 0 1 0 0 0 2 3 1 1 2 3 0 3 3 3 1 2 2 2 2 3 3 3 1 0 2 3 0 3 3 3 1 0 3 2 3 2 0 1 1 2 3 1 2 1 2 1 3 2 3 1 3 2 3 3 2 1 0 2 1 0 0 1 3 1 1 3 1 0 3 1 2 2 3 0 1 2 3 0 0 3 2 2 3 1 2 2 3 3 3 3 2 3 3 1 3 0 0 0 3 2 0 2 3 3 0 1 3 0 2 1 2 3 0 0 3 0 2 2
0 21 145 61 5 6 1 6 1 100 77 21 21 77 21 0
1 2 3 2 3 1 3 1 0 2 3 2 1 3 0 2 1 0 0 3 1
0 2 3 2 3 1 3 1 0 2 3 2 1 3 0 2 1 0 0 3 1 2 3 3 0 0 1 2 1 0 3 0 0 2 1 3 0 2 1 2 0 1 2 3 2 1 3 3 2 2 3 1 3 2 1 0 0 0 1 1 0 1 2 2 0 0 2 0 0 2 2 1 3 3 2 3 2 1 1 2 0 0 3 3 0 3 2 2 1 3 0 3 2 2 3 2 3 3 0 1 0 0 2 2 1 1 1 3 3 1 2 1 3 3 0 0 0 0 2 0 0 2 3 2 2 2 2 2 3 0 2 0 2 0 0 2 3 2 1 2 3 1 1 3 3
0 53 145 33 5 6 1 6 1 100 81 53 53 81 53 0
2 2 0 3 0 2 2 3 2 0 0 0 0 0 0 1 2 2 2 1 0 2 2 3 0 3 0 0 2 3 3 2 1 1 2 0 0 2 0 0 0 1 3 1 1 3 1 0 0 2 3 0 0
1 2 0 3 0 2 2 3 2 0 0 0 0 0 0 1 2 2 2 1 0 2 2 3 0 3 0 0 2 3 3 2 1 1 2 0 0 2 0 0 0 1 3 1 1 3 1 0 0 2 3 0 0 0 0 2 2 3 0 2 1 0 0 0 0 2 0 0 1 2 2 1 3 1 2 3 1 1 2 1 2 0 1 1 3 1 0 0 2 0 0 0 3 3 0 2 0 1 2 0 0 2 3 0 1 1 2 1 1 2 3 1 2 3 3 1 0 0 2 3 1 3 1 1 2 3 1 1 3 3 2 3 3 2 2 0 1 0 0 2 0 2 2 1 1
0 20 146 20 5 6 1 6 1 100 35 20 20 35 20 0
2 2 0 2 0 1 1 0 2 3 1 3 1 3 1 3 0 3 1 2
1 2 0 2 0 1 1 0 2 3 1 3 1 3 1 3 0 3 1 2 0 2 1 2 2 3 2 1 0 2 1 2 1 3 2 2 0 1 1 3 1 0 1 3 3 0 1 1 2 0 1 2 0 0 1 2 2 3 1 1 3 2 1 1 2 0 1 3 0 3 3 1 2 2 2 1 3 3 2 3 3 2 1 0 1 3 2 2 1 0 1 1 3 2 1 1 2 1 1 0 1 1 0 2 2 1 3 2 2 2 3 2 3 1 2 1 0 1 0 3 1 0 0 1 2 2 2 0 1 2 3 3 2 1 1 2 1 1 1 0 0 3 2 2 1 2
0 28 147 22 5 6 1 6 1 100 45 28 28 45 28 0
0 0 0 2 1 1 2 1 0 3 3 0 2 0 0 2 2 0 1 1 0 2 3 2 2 3 2 3
3 0 0 2 1 1 2 1 0 3 3 0 2 0 0 2 2 0 1 1 0 2 3 2 2 3 2 3 3 2 2 3 3 3 2 3 1 2 1 2 3 3 2 2 3 1 0 0 0 1 2 2 1 0 0 1 3 3 3 0 2 3 3 0 2 0 2 0 0 2 1 3 1 3 1 0 2 1 1 1 3 3 1 3 3 1 0 2 3 0 2 2 2 3 1 0 2 3 2 3 2 0 1 2 1 2 0 0 2 1 2 2 1 0 3 3 0 3 2 2 3 1 1 0 0 1 1 1 3 0 1 2 2 2 3 1 2 3 1 2 3 1 3 3 0 1 0
0 50 148 34 5 6 1 6 1 100 79 50 50 79 50 0
1 3 3 2 1 0 1 2 0 1 3 0 0 3 3 2 1 2 2 0 2 1 2 2 1 3 0 0 1 0 2 2 1 2 2 0 1 1 0 1 3 2 1 2 3 0 2 0 0 1
3 3 3 2 1 0 1 2 0 1 3 0 0 3 3 2 1 2 2 0 2 1 2 2 1 3 0 0 1 0 2 2 1 2 2 0 1 1 0 1 3 2 1 2 3 0 2 0 0 1 3 2 1 0 2 0 2 1 2 1 2 1 3 3 2 3 3 2 0 1 1 2 1 1 3 3 1 0 2 1 2 2 1 2 2 2 3 2 0 1 1 2 1 0 1 2 3 0 0 2 2 0 1 1 2 1 2 1 0 0 3 3 1 1 3 1 3 1 3 1 3 2 1 0 1 2 2 1 2 3 3 2 1 2 3 0 0 0 0 3 1 0 0 2 0 2 1 1
0 27 149 88 5 6 1 6 1 100 105 27 27 105 27 0
1 1 0 0 2 2 3 2 0 0 2 1 1 0 1 0 0 0 0 0 2 3 0 2 0 0 2
0 1 0 0 2 2 3 1 0 0 2 1 1 0 1 0 0 0 0 0 2 3 0 2 0 0 2 1 2 1 2 2 0 0 2 2 1 0 3 0 0 2 0 1 3 0 3 1 2 0 3 2 3 2 2 1 0 0 3 3 2 3 0 3 1 2 1 0 0 3 2 2 0 2 1 2 2 3 1 0 0 2 1 0 2 1 3 0 3 1 2 2 3 3 0 2 0 0 0 0 1 3 2 3 0 3 0 0 3 3 1 3 3 3 2 3 3 3 2 2 2 1 3 2 1 2 2 3 3 3 3 1 3 2 1 2 3 3 3 0 0 1 0 0 0 3 0 3 0
0 32 150 23 5 6 1 6 1 100 40 32 32 40 32 0
2 2 2 2 2 1 2 2 3 1 2 0 1 2 0 1 1 1 1 0 3 0 2 2 2 1 2 1 3 1 2 3
1 2 2 1 2 1 2 2 3 1 2 0 1 2 0 1 1 1 0 0 3 0 2 2 2 1 2 1 3 1 2 3 3 3 0 2 2 1 2 2 3 1 1 2 3 2 3 1 3 0 0 3 3 0 1 1 0 2 0 1 1 3 3 3 0 1 1 2 0 0 0 2 2 0 2 3 1 2 1 2 0 1 3 1 1 3 3 3 3 3 2 1 2 1 2 3 2 0 1 2 1 3 1 3 3 3 3 3 1 0 2 1 2 2 1 2 1 3 3 1 0 3 3 2 3 3 3 3 0 1 1 3 0 1 1 0 1 2 3 3 3 0 1 2 3 2 2 3 0 2
0 41 151 43 5 6 1 6 1 100 64 41 41 64 41 0
3 0 3 1 0 0 0 3 0 1 1 3 1 2 1 2 0 2 1 2 1 2 0 3 2 2 1 2 2 3 0 1 1 3 1 2 2 3 1 3 3
2 0 3 0 0 0 0 3 0 1 1 2 1 2 1 2 0 2 1 2 1 2 0 3 2 2 1 1 2 3 0 1 1 3 1 2 2 3 1 3 3 1 0 2 3 2 3 3 0 1 1 2 2 2 3 2 1 1 3 3 0 3 2 2 0 1 2 0 0 0 3 0 0 2 3 3 3 0 1 3 2 0 1 3 1 0 3 3 1 1 2 1 3 0 0 1 2 2 2 2 2 1 1 3 3 1 2 1 2 1 1 0 3 3 0 3 2 2 0 0 2 1 1 0 0 0 2 2 1 0 1 1 2 2 0 2 1 3 0 1 0 1 2 0 2 2 3 1 3 2 1
0 45 152 43 5 6 1 6 1 100 76 45 46 76 46 1
2 3 1 2 0 1 2 3 2 1 1 2 0 3 3 0 1 2 1 3 2 0 1 3 2 0 2 0 0 2 1 2 2 0 0 2 3 1 3 3 3 0 0 0 2
1 3 1 2 0 1 2 3 2 1 1 2 0 3 3 0 1 2 1 0 3 2 0 1 3 2 0 2 0 0 2 1 2 2 0 0 2 3 1 3 3 3 0 0 0 2 2 3 1 0 0 2 1 1 3 1 3 0 1 2 2 0 1 3 0 0 2 0 0 2 3 3 2 2 3 1 2 0 2 1 3 0 2 3 1 0 0 0 0 0 0 3 3 0 2 0 0 3 2 1 3 3 0 3 0 2 2 3 0 1 3 1 0 1 1 1 0 0 2 2 1 0 3 2 0 2 0 0 0 1 0 0 0 3 1 0 1 0 1 3 0 0 1 0 1 3 2 3 1 1 2 1
0 59 154 35 5 6 1 6 1 100 89 59 59 89 59 0
0 1 1 0 1 2 2 3 3 3 3 0 1 3 2 2 2 0 1 0 1 1 3 0 0 0 2 1 1 0 2 2 0 2 1 1 0 2 0 1 1 2 3 1 1 2 1 1 0 2 0 1 1 0 3 3 0 2 1
3 1 1 0 1 2 2 3 3 3 3 0 1 3 2 2 2 0 1 0 1 1 3 0 0 0 2 1 1 0 2 2 0 2 1 1 0 2 0 1 1 2 3 1 1 2 1 1 0 2 0 1 1 0 3 3 0 2 1 1 3 0 0 1 2 0 1 1 2 3 1 1 0 0 0 0 1 2 3 2 1 2 3 2 2 0 0 2 1 1 3 1 1 0 0 1 1 3 0 3 1 2 2 3 3 2 2 3 2 1 0 2 1 2 1 2 0 1 1 0 2 0 0 0 3 0 0 1 3 3 1 0 1 3 0 2 2 1 2 1 1 2 3 2 3 2 2 0 3 0 2 1 0 2
0 59 156 33 5 6 1 6 1 100 72 59 59 72 59 0
3 3 0 2 1 1 0 0 0 2 0 3 0 0 0 0 2 3 1 1 3 3 2 3 0 2 2 3 1 2 1 1 1 1 3 1 1 0 0 3 3 2 1 3 0 0 2 1 0 1 1 0 3 3 0 0 0 0 1
2 3 0 2 1 1 0 0 0 2 3 3 0 0 0 0 2 3 1 1 3 3 2 3 0 2 2 3 1 2 1 1 1 1 3 1 1 0 3 3 3 2 1 3 0 3 2 1 0 1 1 0 3 3 0 0 0 0 1 1 0 1 3 0 0 0 0 2 3 0 0 1 2 3 2 0 1 2 2 0 2 0 2 1 3 0 3 2 1 2 2 0 0 3 3 2 3 3 3 0 1 2 0 1 2 0 1 2 2 0 1 2 0 1 2 1 2 1 1 0 1 2 1 2 0 2 0 3 2 1 1 3 0 0 1 2 2 2 1 1 2 1 2 1 3 0 3 1 3 1 3 0 2 1 2 0
0 40 157 66 5 6 1 6 1 100 101 40 40 101 40 0
3 1 0 3 1 2 0 1 2 2 1 0 2 2 0 1 2 2 1 3 3 3 1 1 2 3 2 2 3 0 1 3 3 1 1 2 1 2 0 1
2 1 0 3 1 2 0 1 2 2 1 0 2 2 0 1 2 2 1 3 3 3 1 1 2 3 2 2 3 0 1 3 3 1 1 2 1 2 0 1 0 3 3 0 0 3 3 3 3 0 0 0 0 0 2 2 2 0 3 3 1 1 1 3 3 0 0 1 2 2 1 0 1 0 0 3 3 3 2 2 1 0 0 3 0 2 2 0 0 0 1 0 1 1 3 3 1 0 3 2 1 0 2 3 0 1 2 0 1 3 0 2 1 0 1 1 0 1 3 0 0 1 0 2 3 0 2 1 1 0 2 0 1 2 0 1 0 3 0 1 2 1 2 0 0 2 2 2 3 3 2 2 0 1 0 0 0
0 62 158 38 5 6 1 6 1 100 85 62 62 85 62 0
0 2 1 2 1 1 1 1 2 1 3 3 1 0 1 2 1 3 1 2 3 3 1 2 0 3 3 2 3 3 3 3 1 1 2 3 2 1 0 3 3 3 0 0 0 1 2 2 1 3 0 0 3 1 0 0 3 2 1 2 3 3
3 2 1 2 1 1 1 1 2 1 3 3 1 0 1 2 1 3 1 2 3 3 1 2 0 2 3 2 3 3 3 3 1 1 2 3 2 1 0 3 3 3 0 0 0 1 2 2 1 3 0 0 3 0 0 0 3 2 1 2 3 3 3 0 0 0 1 2 1 0 1 2 2 3 3 3 3 0 0 0 0 2 3 0 0 2 3 0 3 3 3 1 3 3 3 3 3 0 0 1 3 1 3 3 2 0 0 3 2 0 2 3 3 3 0 0 0 2 0 0 0 1 3 1 0 1 0 3 3 3 0 0 0 0 3 1 0 2 3 2 0 3 0 0 0 0 2 0 3 3 0 3 0 1 3 0 1 3
0 45 167 24 5 6 1 6 1 100 54 45 45 54 45 0
2 0 1 1 0 2 0 0 3 2 2 1 1 2 0 2 2 1 0 0 0 1 1 2 3 2 2 3 1 2 3 1 3 2 2 1 3 2 3 3 0 0 0 2 2
1 0 1 1 0 2 0 0 3 2 2 1 1 2 3 2 2 1 0 0 0 1 1 2 2 2 2 3 1 2 3 1 3 2 2 1 3 2 3 3 0 0 0 2 2 2 2 1 1 3 1 0 0 1 3 2 1 1 0 2 3 1 1 2 0 1 3 2 1 0 2 0 0 2 0 3 2 2 3 2 1 2 1 3 2 1 1 2 2 0 0 0 3 0 3 1 1 2 0 0 0 0 1 2 3 3 1 1 0 0 2 0 0 0 1 2 3 1 0 0 3 3 0 1 0 0 1 2 2 3 0 3 3 2 1 3 3 0 0 3 3 0 0 3 2 2 2 0 0 2 0 0 2 0 1 0 1 2 2 1 1 1 1 0 2 0 1
0 50 168 72 5 6 1 6 1 100 112 50 50 112 50 0
1 1 3 2 3 3 3 2 0 2 1 2 2 1 0 0 0 0 2 3 0 2 1 1 0 0 2 1 1 1 0 0 3 1 1 2 2 1 3 0 3 0 1 1 0 0 1 0 0 3
0 1 3 2 3 3 3 2 0 2 1 2 2 1 0 0 0 0 2 3 0 2 1 1 0 0 2 1 1 1 0 0 2 1 1 2 2 1 3 0 3 0 1 1 0 0 1 0 0 3 3 0 2 2 1 0 1 2 1 0 0 3 1 2 2 3 1 2 3 1 0 1 0 1 2 2 1 0 2 0 0 2 2 1 2 3 2 1 1 3 0 3 2 1 3 2 2 1 1 3 1 3 2 1 1 0 3 3 2 2 3 0 2 0 1 2 0 0 2 3 2 2 0 2 0 1 1 2 0 2 3 3 0 1 3 2 3 1 2 1 3 2 3 0 0 1 2 2 0 1 1 3 0 3 1 3 1 3 1 0 2 3 1 3 2 1 3 2
0 47 172 50 5 6 1 6 1 100 82 47 47 82 47 0
1 1 2 3 0 2 3 2 0 0 2 0 1 1 1 3 0 0 2 1 1 0 1 3 1 3 0 0 3 2 0 2 0 1 3 3 0 2 1 0 1 1 2 1 2 3 2
0 1 2 3 0 2 3 2 0 0 2 0 1 1 0 3 0 0 2 1 0 0 1 3 1 3 0 0 3 2 0 2 0 1 3 3 0 2 1 0 1 1 2 1 2 3 2 2 1 1 3 0 1 0 1 0 0 0 1 3 3 2 3 3 0 0 2 3 3 0 3 2 2 1 2 0 1 0 3 2 3 3 3 3 3 2 0 0 1 3 3 1 3 3 3 0 0 2 3 1 1 3 1 0 1 0 2 3 0 0 0 3 1 0 3 0 2 2 1 1 0 1 3 0 0 0 2 1 3 2 0 3 2 2 0 1 0 0 1 3 3 3 3 2 3 2 1 2 1 0 1 2 2 1 1 3 0 3 0 1 0 2 3 1 2 2 0 3 2 2 1 0
0 54 173 69 5 6 1 6 1 100 118 54 54 118 54 0
3 0 1 2 1 2 0 1 0 0 2 3 2 2 2 1 0 1 1 0 1 3 3 3 2 1 2 3 1 1 2 1 2 0 1 1 0 0 3 2 2 1 2 3 3 2 1 2 0 1 1 1 0 3
2 0 1 2 1 2 0 1 0 0 2 3 2 2 2 1 0 1 1 0 1 3 3 3 2 1 2 3 1 1 2 1 2 0 1 1 0 0 3 2 2 1 2 3 3 2 1 2 0 1 1 1 0 3 2 0 1 2 0 2 1 0 1 3 2 1 2 1 2 3 1 1 0 0 2 0 0 1 3 0 1 3 3 2 0 1 3 0 1 1 1 2 1 3 3 2 1 0 3 2 2 1 3 0 3 2 2 0 0 2 2 0 1 0 0 2 2 3 2 0 3 2 3 3 2 0 0 2 2 2 0 2 2 1 0 3 2 0 2 2 1 0 3 1 1 2 1 3 3 3 2 2 1 1 2 3 0 1 1 0 2 1 1 0 0 2 0 2 2 1 3 3 1
0 61 177 59 5 6 1 6 1 100 105 61 61 105 61 0
1 1 2 1 2 3 1 2 1 0 0 2 1 2 1 1 2 1 0 2 3 1 0 1 1 2 3 1 3 0 0 0 3 0 3 2 3 1 3 2 2 1 1 2 1 1 0 3 3 0 3 3 2 1 0 0 2 3 0 2 3
0 1 2 1 2 3 1 2 1 0 0 2 1 2 1 1 2 1 0 2 3 1 0 1 1 2 3 1 3 0 0 0 3 0 2 2 3 1 3 2 2 1 1 2 1 1 3 3 3 0 3 3 2 1 0 0 2 3 0 2 3 0 2 0 2 2 1 0 1 2 0 1 0 3 3 2 1 2 0 1 2 3 0 1 1 3 3 1 2 2 1 2 1 0 2 0 1 2 3 3 2 2 1 1 0 0 0 1 2 2 2 1 2 2 0 1 0 0 2 2 3 1 1 0 0 2 3 1 2 3 1 0 0 0 3 3 2 2 1 0 3 3 2 2 1 2 2 0 1 2 0 1 3 0 3 3 2 2 2 0 1 2 1 1 2 0 0 3 3 2 3 1 3 1 3 0 0
0 52 178 38 5 6 1 6 1 100 85 52 52 85 52 0
2 0 0 2 1 3 0 3 3 0 1 1 3 3 2 3 3 3 3 3 3 0 2 1 2 2 1 3 1 2 0 2 1 3 0 3 3 3 1 3 3 1 0 2 1 2 3 1 3 3 2 1
1 0 0 2 1 3 0 3 3 0 1 1 3 3 2 3 3 3 3 3 3 0 2 1 2 2 1 3 1 2 0 2 1 3 0 3 3 3 1 3 3 1 0 2 1 2 3 1 3 3 2 1 2 1 3 3 1 2 2 1 2 2 1 1 3 3 3 3 1 0 0 0 3 3 1 0 2 1 1 2 3 3 0 2 0 1 0 3 0 0 0 0 0 1 2 1 1 1 1 3 3 2 3 2 0 0 0 2 2 0 1 2 3 2 1 1 0 3 0 0 3 2 0 0 0 3 1 2 2 3 1 0 0 0 0 3 2 3 0 1 1 3 1 2 3 3 3 0 3 0 1 0 2 3 2 0 2 3 1 0 2 1 1 2 1 0 2 3 1 0 0 2 3 0 0 2 3 1
0 62 188 41 5 6 1 6 1 100 98 62 62 98 62 0
0 3 0 3 0 2 1 2 1 2 3 3 0 0 1 3 2 1 1 0 1 3 3 0 2 1 0 0 3 0 2 3 1 3 3 3 2 0 1 2 0 2 1 1 0 3 2 0 2 3 1 0 3 2 3 0 2 3 1 0 3 3
3 3 0 3 0 2 1 2 1 2 3 3 0 0 1 3 2 1 1 0 1 3 3 0 2 1 0 0 3 0 2 3 1 3 3 3 2 0 1 2 0 2 1 1 0 3 2 0 2 3 1 0 3 2 3 0 2 3 1 0 3 3 1 2 3 3 1 3 1 0 3 2 1 3 0 2 3 1 1 2 0 2 0 1 1 2 0 1 3 0 1 2 1 2 3 3 2 3 1 1 2 1 3 3 0 1 2 0 1 2 1 1 0 3 3 2 0 1 2 1 1 2 1 3 3 3 1 2 0 1 2 2 1 0 0 1 3 3 3 2 0 1 2 1 2 1 1 3 0 2 3 3 0 2 0 1 1 2 0 0 3 2 3 2 2 3 3 3 1 0 2 3 2 2 0 2 0 2 2 1 3 0 0 3 1 2 1 1
0 19 33 85 5 6 1 6 1 100 94 19 19 94 19 0
3 2 2 0 1 3 3 0 2 0 1 2 0 2 3 3 0 1 2
2 2 2 0 1 3 3 0 2 3 1 2 0 2 3 3 0 1 2 2 0 0 1 2 0 0 2 0 2 3 3 1 0
0 8 43 31 5 6 1 6 1 100 34 8 8 34 8 0
0 3 3 0 1 0 0 0
3 3 3 0 1 0 0 0 3 0 2 1 0 2 1 1 0 3 3 1 2 2 1 3 2 2 3 0 2 3 0 1 1 1 2 1 3 3 2 1 0 2 0
0 13 50 28 5 6 1 6 1 100 31 13 13 31 13 0
0 0 0 0 3 2 2 3 0 1 3 2 0
3 0 0 0 2 2 2 3 0 1 3 2 0 0 0 2 0 1 2 0 3 0 2 2 0 0 1 2 2 1 2 1 2 3 0 0 0 1 2 3 0 0 3 0 0 3 3 2 2 3
0 8 59 47 5 6 1 6 1 100 50 8 8 50 8 0
2 3 3 3 3 3 0 3
1 3 3 3 3 3 0 3 2 2 1 2 2 2 3 2 1 2 1 2 3 3 2 3 3 2 0 2 1 1 2 3 0 0 1 1 2 3 2 2 1 0 2 0 3 0 2 3 1 1 3 3 1 0 2 3 3 2 2
0 18 66 23 5 6 1 6 1 100 36 18 18 36 18 0
3 0 0 2 1 2 2 1 3 2 3 1 0 1 3 3 0 0
2 0 0 2 1 2 2 1 3 2 3 1 0 1 3 3 0 0 2 3 1 2 3 1 0 3 3 1 2 1 2 2 1 0 2 3 1 3 2 2 3 1 3 3 3 3 1 3 1 3 0 0 0 0 2 0 0 1 0 2 2 2 1 2 3 0
0 18 66 23 5 6 1 6 1 100 36 18 18 36 18 0
3 0 0 2 1 2 2 1 3 2 3 1 0 1 3 3 0 0
2 0 0 2 1 2 2 1 3 2 3 1 0 1 3 3 0 0 2 3 1 2 3 1 0 3 3 1 2 1 2 2 1 0 2 3 1 3 2 2 3 1 3 3 3 3 1 3 1 3 0 0 0 0 2 0 0 1 0 2 2 2 1 2 3 0
0 25 69 23 5 6 1 6 1 100 43 25 25 43 25 0
2 1 0 1 1 2 3 3 3 2 1 2 1 2 3 1 2 3 1 2 1 0 3 0 0
1 1 0 1 1 2 3 3 3 2 1 2 1 2 3 1 2 3 1 2 1 0 3 0 0 1 1 1 1 2 3 3 3 0 2 1 1 2 3 3 3 3 3 3 0 1 1 0 2 1 3 0 1 3 3 0 0 1 1 1 1 2 3 2 0 1 1 1 3
0 5 73 47 5 6 1 6 1 100 47 0 0 47 5 0
2 1 0 2 3
0 1 0 2 3 1 2 2 0 1 2 2 1 0 1 3 2 1 1 0 2 3 0 3 2 2 1 1 0 3 3 3 1 3 0 3 1 0 1 2 1 2 1 0 2 3 2 1 1 1 2 1 3 0 3 2 1 1 0 0 3 0 2 2 1 1 2 2 3 2 3 0 1
0 29 74 20 5 6 1 6 1 100 39 29 29 39 29 0
3 2 2 1 1 0 0 3 3 3 3 3 2 1 0 1 1 2 3 3 2 0 1 3 1 2 1 2 1
2 2 2 1 1 0 0 3 3 3 3 3 2 1 0 1 1 2 3 3 2 3 1 3 1 2 1 2 1 3 3 1 2 2 2 0 1 2 0 1 2 1 2 3 3 1 2 2 1 1 3 3 0 1 1 3 0 1 3 3 3 3 0 2 3 3 1 2 0 0 2 2 3 1
0 40 75 20 5 6 1 6 1 100 50 40 40 50 40 0
0 3 0 2 3 3 3 1 3 0 1 1 0 0 0 2 2 3 2 1 1 2 1 3 0 3 2 2 0 2 1 3 0 3 3 0 1 0 0 0
3 3 0 2 3 3 3 1 3 0 1 1 0 0 0 2 2 3 2 1 1 2 1 3 0 3 2 2 0 2 1 3 3 3 3 0 1 0 0 0 3 0 2 1 0 2 1 1 0 3 3 1 2 2 1 3 2 2 3 0 2 3 0 1 1 1 2 1 3 3 2 1 0 2 0
0 26 79 31 5 6 1 6 1 100 52 26 26 52 26 0
0 3 3 0 2 3 2 2 3 2 0 1 3 1 1 3 2 1 1 0 3 0 0 3 2 1
3 3 3 0 2 3 2 2 3 2 0 1 3 1 1 3 2 1 1 0 3 0 0 3 2 1 1 1 2 2 0 0 1 1 1 1 3 0 1 2 2 3 2 2 2 0 2 3 3 0 1 1 3 2 1 0 1 3 1 2 0 0 0 2 2 1 0 1 1 2 2 0 2 0 0 3 0 0 0
0 21 81 20 5 6 1 6 1 100 36 21 21 36 21 0
2 2 3 2 0 1 1 3 3 1 2 1 1 2 0 0 3 2 1 1 2
1 2 3 2 0 1 1 3 3 1 2 1 1 2 0 0 3 2 1 1 2 0 1 1 2 3 1 3 0 1 3 3 3 2 1 0 1 3 0 1 1 0 3 3 3 0 3 0 0 0 1 2 1 2 2 1 1 1 0 1 1 0 1 1 2 1 0 2 0 2 2 1 2 3 3 2 2 1 2 1 0
0 6 83 55 5 6 1 6 1 100 56 6 6 56 6 0
0 3 0 3 2 3
3 3 0 3 2 3 0 3 1 2 3 2 1 3 0 0 1 3 0 0 3 3 3 0 3 3 2 2 0 0 3 3 0 3 3 2 3 3 0 1 2 2 1 3 2 1 0 0 3 0 1 0 2 1 1 2 3 0 0 0 0 0 0 0 3 0 2 3 1 3 0 3 3 3 0 2 2 2 2 0 0 1 0
0 15 83 57 5 6 1 6 1 100 67 15 15 67 15 0
2 1 0 3 2 3 2 0 1 2 3 0 2 0 0
1 1 0 3 2 3 2 0 1 2 3 0 2 0 0 2 3 2 3 1 2 1 3 1 0 0 2 3 3 0 0 0 2 3 2 0 1 3 1 0 2 0 2 1 1 1 0 1 1 3 1 3 2 3 1 2 2 0 1 1 2 2 3 0 2 3 0 0 3 2 1 2 2 3 0 0 2 1 0 1 2 3 1
0 23 84 28 5 6 1 6 1 100 41 23 23 41 23 0
3 2 2 2 3 2 3 2 0 1 3 1 1 0 3 1 3 3 2 3 0 1 3
2 2 2 2 3 2 3 2 3 1 3 1 1 0 3 1 3 3 2 3 0 1 3 2 0 1 0 3 3 2 1 3 2 0 0 0 0 0 2 2 1 3 3 2 0 0 1 3 3 2 0 2 1 3 2 1 3 3 3 1 2 2 0 1 2 0 1 1 3 3 1 2 2 2 0 2 2 3 1 1 3 0 3 3
0 20 86 50 5 6 1 6 1 100 60 20 20 60 20 0
0 2 3 0 0 1 1 0 2 3 1 3 1 3 3 2 2 2 1 0
3 2 3 0 0 1 1 0 2 3 1 3 1 2 3 2 2 2 1 0 3 0 0 0 3 2 1 3 2 2 1 0 1 3 3 3 2 2 1 1 2 1 3 3 3 0 2 2 3 2 0 3 2 1 1 0 2 1 2 1 0 0 2 2 1 1 2 1 1 1 1 0 2 0 1 0 1 1 0 0 1 0 0 0 2 3
0 8 87 75 5 6 1 6 1 100 78 8 8 78 8 0
2 1 2 3 3 3 3 1
1 1 2 3 3 3 3 1 0 1 2 0 1 1 2 1 2 3 3 3 0 1 3 3 0 0 3 2 1 1 2 1 1 2 0 1 2 1 0 1 1 2 1 1 2 2 0 1 0 1 1 0 2 0 1 1 2 1 1 1 0 1 1 0 0 0 0 3 2 0 2 0 1 2 2 3 3 2 2 3 2 1 1 0 2 3 0
0 26 90 28 5 6 1 6 1 100 44 26 26 44 26 0
1 3 1 2 2 0 0 1 2 1 0 3 3 3 2 2 2 1 2 3 3 0 2 3 3 3
0 3 1 2 2 0 0 1 2 1 0 3 3 3 2 2 2 1 2 2 3 0 2 3 3 3 2 1 2 0 1 1 0 3 1 0 3 3 2 1 3 3 1 1 0 0 3 0 1 3 3 0 1 1 0 1 0 0 1 3 1 0 2 1 2 1 2 1 2 2 0 3 3 0 3 0 0 0 2 1 0 0 1 2 3 3 2 1 1 0
0 24 91 47 5 6 1 6 1 100 66 24 24 66 24 0
1 3 2 2 1 3 3 3 0 0 2 0 2 3 2 3 3 0 2 0 0 2 0 0
0 3 2 2 1 3 3 3 0 0 2 0 2 3 2 3 3 0 2 0 0 2 0 0 2 3 3 1 1 0 0 1 1 2 3 3 3 0 0 2 3 0 2 1 3 1 1 2 1 3 0 2 0 0 0 0 3 0 3 0 2 3 0 0 2 2 3 1 2 2 2 3 2 3 0 3 1 2 2 1 3 0 3 3 3 3 3 2 3 2 3
0 26 93 45 5 6 1 6 1 100 66 26 26 66 26 0
2 3 0 1 2 0 0 2 1 2 3 2 0 2 2 1 2 1 3 2 1 1 0 0 0 2
1 3 0 1 2 0 0 2 1 2 3 2 0 2 2 1 2 1 3 2 1 1 0 0 0 2 0 1 1 2 1 0 3 2 2 1 1 3 1 3 2 1 3 1 1 3 0 2 0 2 1 2 2 1 2 2 3 2 2 3 2 0 1 2 2 1 2 2 0 0 2 0 1 1 0 2 2 2 3 1 1 0 2 1 3 2 3 3 0 2 2 3 1
0 29 94 29 5 6 1 6 1 100 47 23 23 43 29 0
0 2 1 3 2 2 2 3 1 0 3 3 0 0 2 3 3 0 0 0 2 0 0 3 0 0 0 1 3
3 2 1 3 2 2 2 3 1 0 3 3 0 0 2 3 3 0 0 0 2 0 0 2 0 0 0 1 2 0 0 3 3 2 2 2 2 3 2 0 0 0 2 3 0 2 3 2 1 2 2 1 2 2 3 3 0 3 3 0 1 1 2 1 3 0 2 1 0 1 1 2 3 1 1 0 3 2 3 1 2 1 2 2 2 0 1 0 0 0 3 2 1 3
0 8 98 32 5 6 1 6 1 100 35 8 8 35 8 0
0 0 3 1 2 1 0 0
3 0 3 1 2 1 0 0 0 2 1 2 1 3 0 2 1 2 2 3 1 1 0 3 3 0 0 1 0 1 0 1 1 0 0 1 3 1 1 2 0 0 1 0 0 0 2 3 2 3 3 2 2 2 1 2 3 2 2 0 1 2 1 3 0 1 0 2 1 2 0 0 0 2 1 1 0 0 2 2 3 1 3 2 1 0 0 1 3 3 0 3 1 1 1 1 1 2
0 14 99 41 5 6 1 6 1 100 45 14 14 45 14 0
2 0 2 1 1 1 0 3 3 2 1 2 3 2
1 0 1 1 1 1 0 3 3 2 1 2 3 2 3 0 1 3 2 2 3 3 0 1 2 2 2 3 0 3 0 0 1 2 2 2 0 1 2 3 3 3 2 1 2 0 1 2 3 0 3 0 1 1 2 1 3 1 2 0 0 2 3 3 3 0 3 2 3 0 2 1 2 0 2 3 2 2 3 1 2 2 2 1 0 0 2 1 2 0 0 0 3 2 1 2 3 3 3
0 53 101 31 5 6 1 6 1 100 64 53 53 64 53 0
3 3 0 1 1 3 3 2 3 1 1 2 0 0 2 3 0 2 3 0 1 3 1 0 2 3 0 2 3 3 2 0 0 3 2 3 0 0 2 1 2 2 1 3 2 3 1 0 1 3 3 0 0
2 3 0 3 1 3 3 2 3 1 1 1 0 0 2 3 0 2 3 0 1 3 1 0 2 3 0 2 3 3 2 0 0 3 2 2 0 0 2 1 2 2 1 3 2 3 1 0 1 3 3 0 0 2 3 1 2 3 1 0 3 3 1 2 1 2 2 1 0 2 3 1 3 2 2 3 1 3 3 3 3 1 3 1 3 0 0 0 0 2 0 0 1 0 2 2 2 1 2 3 0
0 53 101 31 5 6 1 6 1 100 64 53 53 64 53 0
3 3 0 1 1 3 3 2 3 1 1 2 0 0 2 3 0 2 3 0 1 3 1 0 2 3 0 2 3 3 2 0 0 3 2 3 0 0 2 1 2 2 1 3 2 3 1 0 1 3 3 0 0
2 3 0 3 1 3 3 2 3 1 1 1 0 0 2 3 0 2 3 0 1 3 1 0 2 3 0 2 3 3 2 0 0 3 2 2 0 0 2 1 2 2 1 3 2 3 1 0 1 3 3 0 0 2 3 1 2 3 1 0 3 3 1 2 1 2 2 1 0 2 3 1 3 2 2 3 1 3 3 3 3 1 3 1 3 0 0 0 0 2 0 0 1 0 2 2 2 1 2 3 0
0 42 102 22 5 6 1 6 1 100 54 42 42 54 42 0
1 3 0 2 3 1 2 2 3 1 3 3 1 3 3 2 3 3 1 3 1 2 2 3 2 0 1 1 3 3 1 2 1 1 2 0 0 3 2 1 1 2
0 3 0 2 3 1 2 2 3 1 3 3 1 3 3 2 3 3 1 3 1 1 2 3 2 0 1 1 3 3 1 2 1 1 2 0 0 3 2 1 1 2 0 1 1 2 3 1 3 0 1 3 3 3 2 1 0 1 3 0 1 1 0 3 3 3 0 3 0 0 0 1 2 1 2 2 1 1 1 0 1 1 0 1 1 2 1 0 2 0 2 2 1 2 3 3 2 2 1 2 1 0
0 4 103 99 5 6 1 6 1 100 99 0 0 98 4 0
2 1 3 3
1 1 3 3 3 3 0 3 2 0 3 0 2 2 3 3 3 2 2 3 0 1 3 3 1 2 2 1 0 0 1 3 0 0 0 0 0 3 0 1 1 0 2 3 2 0 3 0 3 3 1 1 3 3 1 3 2 3 0 2 3 3 1 2 0 3 0 0 0 1 2 2 1 3 3 3 0 1 1 1 2 0 0 2 3 3 3 0 1 0 0 0 0 2 1 0 3 2 3 0 2 2 3
0 9 105 27 5 6 1 6 1 100 31 9 9 31 9 0
1 0 0 3 2 1 2 3 3
0 0 0 3 2 1 2 3 3 3 0 0 0 1 2 1 0 1 2 2 3 3 3 3 0 0 0 0 2 3 0 0 2 3 0 3 3 3 1 3 3 3 3 3 0 0 1 3 1 3 3 2 0 0 3 2 0 2 3 3 3 0 0 0 2 0 0 0 1 3 1 0 1 0 3 3 3 0 0 0 0 3 1 0 2 3 2 0 3 0 0 0 0 2 0 3 3 0 3 0 1 3 0 1 3
0 28 106 54 5 6 1 6 1 100 72 23 23 72 28 0
2 2 3 2 0 1 1 1 1 2 0 1 1 2 1 2 0 1 1 2 3 2 3 0 3 3 3 2
1 2 3 2 0 1 1 1 1 2 0 1 1 2 1 2 0 1 1 2 3 2 3 3 3 3 3 2 0 1 1 0 1 3 2 2 3 0 1 0 0 2 2 3 0 2 0 1 3 0 1 1 3 0 2 0 0 3 1 0 2 3 1 2 0 0 0 3 2 3 2 0 0 0 3 0 0 1 0 0 0 0 1 0 2 0 1 0 1 1 0 0 0 0 0 3 1 0 1 2 0 1 1 1 2 1
0 3 110 41 5 6 1 6 1 100 41 0 0 39 3 0
1 0 0
0 0 0 1 0 0 0 1 0 0 3 0 0 1 0 2 1 2 1 0 0 0 1 2 3 0 0 3 3 1 2 1 1 3 3 2 1 2 0 1 3 2 3 1 0 2 2 2 3 1 3 3 1 0 3 0 0 0 0 2 2 1 1 2 0 0 0 0 2 0 1 3 0 2 2 0 3 3 2 1 0 0 1 0 2 2 0 1 3 0 0 1 2 2 1 2 2 0 0 1 0 0 0 3 0 0 3 0 0 1
0 26 110 61 5 6 1 6 1 100 82 26 26 82 26 0
3 1 2 1 0 2 0 2 0 2 0 3 3 2 1 0 0 0 2 3 2 3 3 0 2 1
2 1 2 1 0 2 0 2 0 2 0 3 3 2 1 0 0 0 2 3 2 3 3 0 2 1 2 3 3 3 3 0 1 3 0 2 0 2 3 0 1 3 2 2 2 1 2 1 3 0 3 2 2 1 2 2 1 3 3 0 1 0 2 0 1 1 2 1 1 3 1 1 0 1 1 3 1 0 0 0 1 3 3 1 0 1 3 3 3 1 1 0 1 3 3 1 2 1 0 3 2 2 1 0 1 2 3 0 0 2
0 2 113 20 5 6 1 6 1 100 20 0 0 17 2 0
0 2
3 2 2 0 1 0 3 2 2 3 1 3 2 0 0 1 0 1 2 3 1 3 3 3 0 2 2 0 2 2 3 1 2 2 0 1 2 2 0 0 2 0 0 2 0 1 3 0 3 0 3 0 3 0 0 3 3 3 0 3 3 1 3 3 0 3 3 1 3 0 1 0 3 1 2 1 1 3 1 0 0 1 0 0 0 0 0 1 0 1 0 0 0 3 2 3 3 3 2 3 3 0 1 1 2 0 2 0 3 2 3 2 0
0 6 114 56 5 6 1 6 1 100 57 6 6 57 6 0
3 2 1 1 3 2
2 2 1 1 3 2 0 1 1 3 3 1 3 3 1 3 0 2 0 1 0 0 0 1 0 2 0 2 0 1 2 1 2 1 0 2 2 1 3 3 0 3 0 0 1 3 3 2 0 1 2 0 1 2 2 1 1 3 3 1 1 2 2 3 1 0 0 0 3 3 3 0 3 2 2 3 2 1 0 2 1 3 0 0 0 0 1 3 1 2 3 0 2 0 1 2 3 0 3 0 0 1 1 2 1 3 3 1 3 3 3 2 2 1
0 60 115 20 5 6 1 6 1 100 70 60 60 70 60 0
0 2 1 0 2 0 1 2 2 3 2 2 0 2 3 2 1 2 2 3 1 2 1 0 0 1 2 0 2 1 1 1 1 0 1 1 3 1 2 0 1 3 3 3 2 3 2 2 3 1 2 3 0 2 3 0 2 3 2 0
3 2 1 0 2 0 1 2 2 3 2 2 0 2 3 2 1 2 2 3 1 2 1 0 0 1 2 0 2 1 1 1 1 0 1 1 2 1 2 0 1 3 3 3 2 3 2 2 3 1 2 3 0 2 3 0 2 3 2 0 3 2 2 1 0 1 3 2 3 2 3 3 0 3 2 3 1 0 1 2 1 2 3 0 3 3 0 2 2 2 3 2 1 2 2 1 3 2 1 0 1 3 3 2 2 3 1 3 1 0 2 0 0 3 2
0 1 117 25 5 6 1 6 1 100 25 0 0 21 1 0
2
1 3 3 3 1 3 1 2 3 1 3 0 1 3 3 2 2 1 2 3 0 0 3 0 0 1 3 3 3 2 1 2 1 2 3 1 2 1 3 0 1 1 2 2 0 1 3 2 1 0 0 0 2 3 2 0 3 0 3 3 3 1 2 2 3 0 0 1 3 0 2 3 1 1 0 0 2 1 2 1 2 2 1 3 3 1 1 2 2 3 1 2 3 3 0 0 3 1 0 1 3 3 0 2 3 1 1 2 3 3 0 1 1 1 0 1 1
0 49 118 24 5 6 1 6 1 100 68 49 49 68 49 0
3 2 0 1 1 0 0 2 3 1 2 1 0 1 2 0 1 3 2 1 2 0 1 0 1 0 0 0 2 3 0 2 0 1 0 2 1 2 3 2 0 0 2 3 2 0 0 0 1
2 2 0 1 1 0 0 2 3 1 2 1 0 1 2 0 1 3 2 1 2 0 1 0 1 0 0 0 2 3 0 2 0 1 0 2 1 2 3 2 0 0 2 3 2 0 0 0 1 2 0 1 2 3 2 3 2 3 1 1 2 1 2 0 3 3 1 1 2 0 1 3 3 2 3 1 1 2 0 0 2 2 2 3 1 2 3 1 1 3 1 2 3 1 0 2 1 3 3 3 3 3 2 1 0 0 3 1 0 3 0 0 2 3 0 3 1 1
0 15 119 86 5 6 1 6 1 100 96 15 15 96 15 0
3 0 2 1 3 0 0 1 2 3 3 1 3 0 3
2 0 2 1 3 0 0 1 2 3 3 1 3 0 3 1 0 0 0 1 2 3 0 2 3 0 0 2 0 3 3 3 0 2 0 3 3 1 0 0 0 1 0 3 0 0 2 3 0 0 3 0 0 2 3 1 0 0 0 0 0 2 0 0 0 1 3 0 3 3 2 3 0 0 3 0 2 0 1 1 0 0 1 3 0 0 2 0 0 2 3 3 3 3 0 0 0 2 0 0 0 3 0 0 3 1 3 0 0 2 2 0 0 3 0 2 3 0 0
0 38 121 48 5 6 1 6 1 100 69 31 31 66 38 0
2 1 2 2 0 0 3 2 0 1 1 2 3 2 0 1 3 0 2 0 2 3 2 2 0 0 2 2 1 3 3 2 2 1 1 3 1 1
1 1 2 1 0 0 3 2 0 1 1 2 3 2 0 1 3 0 2 0 2 3 2 2 0 0 2 2 1 3 3 1 1 1 1 3 1 1 2 0 3 3 0 2 3 1 0 1 0 2 1 1 3 2 1 3 0 0 0 0 1 0 2 1 2 3 1 3 0 1 3 3 1 3 3 1 0 1 3 0 1 3 0 3 3 0 0 1 2 2 1 1 3 0 1 0 2 0 1 3 2 3 0 2 2 1 1 2 3 3 0 0 3 3 3 2 3 1 3 0 0
0 22 123 44 5 6 1 6 1 100 61 22 22 61 22 0
0 3 2 0 1 0 3 1 1 3 3 3 3 0 0 3 1 3 3 3 0 3
3 3 2 0 1 0 3 1 1 3 3 3 3 0 0 3 1 3 3 3 0 3 1 3 1 3 2 3 1 3 0 3 3 3 0 1 3 3 3 3 3 1 3 3 3 3 2 3 3 2 3 2 0 0 3 1 2 1 3 1 1 3 1 1 3 2 2 3 1 1 2 0 2 0 1 0 0 0 2 1 2 2 3 1 0 0 1 3 0 1 1 2 1 1 1 1 3 2 0 2 1 2 3 3 1 3 0 0 3 3 1 2 3 1 1 3 2 3 2 1 3 0 0
0 18 125 28 5 6 1 6 1 100 41 18 18 41 18 0
3 3 3 3 1 0 3 0 0 2 0 2 1 1 2 1 0 0
2 3 3 3 1 0 3 0 0 2 0 2 1 1 2 1 0 0 1 3 2 3 3 0 3 2 1 0 0 1 2 1 0 1 3 3 3 3 2 2 3 3 3 1 3 1 1 0 1 2 2 3 2 1 2 3 0 0 1 3 0 1 0 0 3 0 0 0 2 3 1 0 2 0 1 0 3 0 0 0 2 1 3 1 2 3 0 3 0 2 1 0 2 1 3 1 2 2 1 2 1 2 3 1 1 0 1 2 1 0 3 3 0 3 0 0 2 2 3 2 2 1 0 2 3
0 27 125 75 5 6 1 6 1 100 97 27 27 97 27 0
2 1 0 1 2 3 1 1 0 0 3 3 2 1 1 0 3 3 3 1 0 2 2 1 0 1 2
1 1 0 1 2 3 1 1 0 0 3 3 2 1 1 0 3 3 3 1 0 2 2 1 0 1 2 2 3 3 3 3 0 2 3 2 2 1 0 0 2 2 1 1 0 1 1 3 2 1 2 3 3 2 1 1 3 3 1 3 3 2 3 1 1 0 0 2 1 2 1 3 3 2 1 0 1 2 0 1 1 2 2 3 1 1 3 3 2 3 0 2 0 1 1 0 3 1 2 3 3 3 3 0 3 0 2 0 0 1 3 0 1 1 2 1 0 0 3 2 0 1 0 3 2
0 2 127 88 5 6 1 6 1 100 88 0 0 85 2 0
1 2
0 2 1 0 3 0 1 1 2 3 3 1 0 0 0 2 3 0 0 0 1 1 2 0 1 3 0 3 0 3 3 2 2 0 3 3 3 1 3 3 0 2 3 3 1 3 2 1 3 0 2 2 1 1 0 3 2 1 2 1 0 1 3 0 0 0 0 2 0 0 0 0 2 3 2 3 0 0 3 3 0 2 0 1 1 0 2 3 3 0 3 3 2 2 0 0 1 3 3 0 3 3 0 0 1 3 1 1 1 3 0 1 3 2 2 0 2 3 0 0 0 3 3 0 2 0 2
1 7 9 128 5 6 1 6 1 100 128 0 0 125 7 0
1 0 2 0 0 0 2
0 3 2 0 0 0 2 0 0
1 14 23 126 5 6 1 6 1 100 130 14 14 130 14 0
1 2 1 3 1 0 2 1 2 0 3 2 1 2
0 2 1 2 1 0 2 1 2 0 3 2 1 2 3 3 2 0 2 1 3 0 0
1 10 36 125 5 6 1 6 1 100 135 10 10 135 10 0
1 2 3 3 3 3 1 3 2 0
1 2 3 3 3 3 1 3 2 0 0 0 3 3 1 1 2 1 2 0 0 2 2 2 2 1 3 3 3 3 0 1 1 2 0 1
1 31 57 109 5 6 1 6 1 100 135 31 31 135 31 0
2 3 3 1 0 2 0 1 0 3 2 2 3 0 3 0 3 1 0 0 1 1 2 3 3 3 3 1 3 2 0
1 3 3 1 0 2 0 1 0 3 2 2 3 0 3 0 3 1 0 0 1 1 2 3 3 3 3 1 3 2 0 0 0 3 3 1 1 2 1 2 0 0 2 2 2 2 1 3 3 3 3 0 1 1 2 0 1
1 39 73 106 5 6 1 6 1 100 140 39 39 140 39 0
0 1 2 0 1 1 0 1 3 0 1 0 3 3 1 2 3 3 3 2 1 2 3 1 0 2 2 1 0 2 2 1 2 3 3 2 0 0 0
3 1 2 0 1 1 0 1 3 0 1 0 3 3 1 2 3 3 3 2 1 2 3 1 0 2 2 1 0 2 2 1 2 3 3 2 0 0 0 0 2 1 1 2 2 0 2 1 2 3 2 0 0 0 1 1 3 3 1 2 0 0 2 2 3 2 1 2 1 3 2 0 0
1 13 86 127 5 6 1 6 1 100 135 13 13 135 13 0
0 2 0 0 0 3 0 1 1 0 1 1 1
3 2 0 0 0 3 0 1 1 0 1 1 1 3 3 3 0 0 3 2 3 3 3 2 0 3 2 3 3 1 3 0 0 1 2 3 3 2 0 1 1 1 2 3 0 0 3 1 1 2 2 2 3 3 2 1 2 2 0 1 0 2 3 2 3 1 3 2 2 3 2 2 2 3 0 2 3 3 3 2 0 1 3 2 2 2
1 13 86 127 5 6 1 6 1 100 135 13 13 135 13 0
0 2 0 0 0 3 0 1 1 0 1 1 1
3 2 0 0 0 3 0 1 1 0 1 1 1 3 3 3 0 0 3 2 3 3 3 2 0 3 2 3 3 1 3 0 0 1 2 3 3 2 0 1 1 1 2 3 0 0 3 1 1 2 2 2 3 3 2 1 2 2 0 1 0 2 3 2 3 1 3 2 2 3 2 2 2 3 0 2 3 3 3 2 0 1 3 2 2 2
1 21 89 119 5 6 1 6 1 100 135 21 21 135 21 0
1 1 2 3 2 0 0 2 0 0 2 0 3 2 3 2 0 2 1 2 0
0 1 2 3 2 0 0 2 0 0 2 0 3 2 3 2 0 2 1 2 0 3 0 0 1 1 1 0 3 3 3 3 0 3 3 3 3 1 2 3 0 2 3 3 0 1 1 3 1 0 3 2 2 0 2 0 3 0 3 2 2 0 0 3 2 3 3 3 0 2 2 3 3 2 0 0 1 1 1 3 3 3 1 2 3 0 1 2 2
1 13 92 117 5 6 1 6 1 100 125 13 13 125 13 0
2 3 2 0 0 3 2 3 1 2 2 1 0
1 3 2 0 0 3 2 3 1 2 2 1 0 0 1 3 0 1 0 3 3 2 3 1 2 2 3 2 1 2 0 3 0 3 3 3 2 2 3 2 0 3 2 0 3 2 0 2 2 3 2 1 2 2 2 3 2 0 0 1 3 2 1 2 1 2 2 1 2 2 1 2 0 0 3 1 3 2 0 0 3 0 3 3 2 1 1 0 0 1 2 2
1 23 97 117 5 6 1 6 1 100 135 23 23 135 23 0
1 3 2 3 1 1 2 2 0 0 0 3 0 1 1 0 0 3 1 0 1 3 3
0 3 2 3 1 1 2 2 0 0 0 3 0 1 1 0 0 3 1 0 1 3 3 3 3 3 1 0 2 1 0 3 1 0 0 1 2 1 1 0 1 1 2 3 3 1 0 3 1 0 1 3 1 2 1 2 1 1 1 2 0 1 3 2 3 0 2 1 1 1 0 1 3 3 1 2 2 1 3 1 1 1 0 2 1 3 3 3 3 1 3 2 1 1 0 2 1
1 26 105 106 5 6 1 6 1 100 122 26 26 122 26 0
3 2 0 2 2 3 2 0 2 0 0 1 2 1 2 2 1 0 0 3 3 1 1 1 0 3
2 2 3 2 2 3 2 0 2 0 0 1 2 1 2 2 1 0 0 3 3 1 1 1 0 3 1 0 1 3 1 1 0 2 2 2 0 1 2 0 1 1 2 1 1 0 2 0 0 3 0 1 1 2 1 1 0 1 1 3 0 1 0 1 1 2 1 3 3 3 3 2 1 1 1 2 2 3 0 0 0 1 1 0 0 1 0 1 2 0 3 0 1 2 1 1 1 0 2 3 1 0 1 1 2
1 56 107 91 5 6 1 6 1 100 142 56 56 142 56 0
3 1 3 2 2 3 3 2 1 1 0 3 2 1 1 2 1 0 0 2 2 2 1 3 2 2 0 1 2 1 2 1 2 3 0 0 0 2 1 0 0 3 2 0 3 3 0 3 1 2 2 3 0 1 3 2
2 1 3 2 2 3 3 2 1 1 0 3 2 1 1 2 1 0 0 2 2 2 1 3 2 2 0 1 2 1 2 1 2 3 0 0 0 2 1 0 0 3 2 0 3 3 0 3 1 2 2 3 0 1 3 2 1 1 2 2 3 3 3 3 0 1 1 2 1 1 0 3 2 1 3 2 3 2 3 2 3 2 0 3 2 2 1 2 1 3 2 2 0 0 2 0 3 2 1 1 2 2 3 2 3 3 1
1 27 113 113 5 6 1 6 1 100 126 18 18 125 27 0
1 2 1 0 2 1 1 1 3 3 3 3 3 1 2 3 2 2 1 2 1 0 2 3 3 2 1
0 2 1 0 2 1 1 1 3 3 3 3 3 1 2 3 2 2 2 1 1 0 2 3 3 2 1 3 3 2 0 2 1 2 1 1 0 2 3 3 1 0 3 1 3 3 1 0 0 1 3 2 0 2 0 1 2 3 3 0 3 1 2 2 0 0 0 0 1 0 2 1 0 3 1 0 1 2 3 3 2 0 2 0 3 1 2 3 3 3 3 2 1 0 2 1 2 1 1 3 2 0 1 2 1 2 1 3 3 1 2 1 2
1 21 115 114 5 6 1 6 1 100 125 21 21 125 21 0
0 2 0 2 1 0 2 2 1 0 0 0 0 0 3 2 2 1 2 2 0
3 2 0 2 1 3 2 2 1 0 0 0 0 0 3 2 2 1 2 2 0 0 2 3 0 0 1 0 1 1 1 2 0 1 0 1 2 0 3 3 1 2 3 3 0 3 3 0 1 2 0 0 0 0 0 1 0 2 1 0 2 0 3 2 0 3 2 2 0 2 1 0 3 2 0 0 2 3 2 1 2 3 0 1 3 2 0 0 2 2 3 2 2 2 3 3 3 1 2 1 1 3 0 3 0 3 0 1 1 2 0 0 0 2 1
1 28 118 102 5 6 1 6 1 100 125 28 28 125 28 0
2 0 2 1 2 2 0 3 2 3 2 1 0 2 1 1 0 2 1 3 1 3 2 1 3 0 1 2
1 0 2 1 2 2 0 3 2 3 2 1 0 2 1 1 0 2 1 3 1 3 2 1 3 0 1 2 2 3 2 1 3 2 2 3 1 3 2 0 0 3 0 3 3 2 2 0 2 2 3 1 0 2 0 1 0 2 2 0 3 3 1 0 0 3 0 1 1 0 0 3 3 3 2 3 3 2 1 3 1 2 2 1 2 0 2 0 0 0 0 3 1 1 0 3 1 0 2 1 2 1 1 1 2 0 3 1 3 3 1 0 0 3 2 2 1 3
1 22 123 112 5 6 1 6 1 100 124 22 22 124 22 0
1 2 1 1 2 2 2 0 2 2 1 0 0 1 3 1 3 2 1 1 0 3
0 2 1 1 2 2 2 3 2 2 1 0 0 1 3 1 3 2 1 1 0 3 1 1 2 2 1 0 3 3 3 1 1 1 1 2 1 0 0 0 3 3 3 0 1 3 1 0 1 3 1 3 1 3 2 1 1 2 2 3 0 0 3 0 1 3 2 2 1 0 3 1 1 0 2 3 1 0 0 3 1 2 2 1 2 3 1 3 1 2 1 1 0 1 2 3 3 2 3 3 1 1 0 2 1 1 0 1 3 2 0 3 3 3 2 1 1 0 2 1 0 1 0
1 28 124 112 5 6 1 6 1 100 135 28 28 135 28 0
1 0 1 3 1 0 0 1 1 0 2 2 1 2 1 2 1 2 2 3 2 1 1 2 3 1 3 2
0 0 1 3 1 0 0 1 1 0 2 2 1 2 1 2 1 2 2 3 2 1 1 2 3 1 3 2 2 2 3 1 2 2 3 2 0 3 2 3 2 2 3 1 3 2 1 0 2 1 2 2 1 1 3 1 3 1 0 3 1 2 3 2 2 2 1 2 2 1 2 2 3 2 0 1 2 1 0 2 0 1 0 2 2 0 2 0 0 2 0 2 0 0 3 2 0 2 0 2 3 3 0 0 1 1 3 0 1 3 0 0 3 0 0 1 2 0 3 2 0 3 0 0
1 1 126 134 5 6 1 6 1 100 134 0 0 130 1 0
2
1 0 3 1 0 1 1 3 3 3 2 2 1 0 0 3 2 2 0 2 3 1 1 0 3 1 0 2 1 3 3 3 3 3 2 3 2 3 3 1 3 3 3 2 2 3 2 1 2 1 3 3 1 3 2 1 3 2 3 2 2 0 1 2 1 0 2 2 0 3 1 0 3 2 0 0 0 3 0 2 0 0 0 0 3 1 0 2 0 1 1 2 0 0 3 0 1 1 0 1 1 0 2 1 0 3 1 0 0 0 0 3 1 0 0 0 2 0 1 0 3 1 2 2 2 1
1 2 127 128 5 6 1 6 1 100 128 0 0 125 2 0
3 2
2 2 0 3 0 0 0 3 1 2 2 2 3 2 0 0 3 3 0 3 1 2 1 0 0 2 2 3 1 2 2 2 1 1 3 0 1 2 2 0 2 3 0 3 1 0 3 3 2 1 1 1 3 2 2 0 0 3 0 0 3 0 2 3 1 3 0 3 3 2 0 3 3 0 3 3 2 2 1 2 2 3 2 0 0 0 1 3 2 1 0 2 2 1 2 2 1 0 0 0 2 1 2 2 3 2 0 1 2 2 0 3 3 1 0 2 3 3 3 3 2 0 3 1 0 1 3
1 2 127 143 5 6 1 6 1 100 143 0 0 140 2 0
1 0
0 0 0 2 3 3 2 1 3 2 1 0 3 3 3 2 0 0 2 2 0 1 2 0 2 0 1 0 3 3 2 1 2 0 1 0 3 3 3 2 0 3 1 3 3 2 1 1 2 3 0 0 3 2 1 2 0 0 1 3 1 3 1 1 1 0 0 2 2 1 3 3 0 0 0 2 2 0 0 3 3 3 1 0 2 1 3 0 0 1 1 3 0 1 2 1 0 0 0 1 0 0 1 3 3 0 3 3 0 0 3 0 2 1 0 0 3 2 0 3 2 0 0 1 0 0 0
1 3 128 132 5 6 1 6 1 100 132 0 0 130 3 0
2 3 1
1 3 1 1 2 2 2 3 0 3 0 3 2 2 1 2 1 2 3 2 1 2 2 1 2 3 3 3 2 3 2 0 3 2 2 0 1 1 2 3 1 3 2 0 3 2 1 0 2 2 1 2 1 3 2 2 2 1 3 3 2 1 1 2 2 2 2 0 0 0 3 1 1 3 3 3 2 3 2 1 1 2 1 3 2 0 3 1 2 3 1 2 2 3 3 3 1 2 2 3 3 2 3 0 0 1 2 3 0 1 1 2 3 1 2 2 3 0 0 3 2 2 2 3 2 1 0 1
1 3 128 147 5 6 1 6 1 100 147 0 0 145 3 0
2 0 1
1 0 1 2 0 3 0 0 0 2 0 1 2 0 3 1 0 2 2 1 2 0 0 2 0 0 2 2 3 2 1 0 2 2 0 2 1 0 3 1 3 2 0 0 1 0 0 0 0 1 1 2 2 3 0 3 0 1 1 2 2 0 3 2 1 1 2 0 3 0 0 0 2 3 2 0 0 3 0 3 3 1 0 0 0 3 3 2 1 1 2 0 1 2 2 1 0 0 0 2 1 2 0 1 2 2 3 1 0 1 3 2 2 3 2 0 1 2 2 1 1 3 2 0 2 3 1 0
1 4 129 146 5 6 1 6 1 100 146 0 0 145 4 0
3 2 1 2
2 2 1 2 2 1 0 0 0 2 3 1 0 2 0 0 0 2 1 3 3 0 3 3 2 0 2 1 0 3 1 1 1 1 2 2 1 0 3 0 3 1 2 1 2 2 0 3 3 0 0 2 3 0 2 0 3 2 1 1 1 3 2 3 3 2 1 1 0 2 2 1 2 0 3 0 2 2 1 0 2 3 0 1 1 0 1 2 0 0 1 2 1 1 0 3 1 0 2 3 0 2 1 0 0 3 0 3 0 1 1 2 0 1 2 0 0 0 0 1 1 0 1 1 0 0 3 0 1
1 4 129 146 5 6 1 6 1 100 146 0 0 145 4 0
3 1 2 1
2 1 2 1 0 3 3 1 3 2 2 1 2 1 0 3 2 0 3 1 1 2 2 3 0 0 0 1 0 1 2 3 3 3 2 2 1 0 3 3 2 0 3 1 2 1 0 2 2 1 0 3 0 1 1 0 3 1 0 0 2 3 3 1 3 2 1 1 3 2 3 1 3 2 1 2 0 0 2 1 0 2 1 2 1 1 1 0 3 0 1 1 1 2 0 1 2 0 3 0 0 1 1 0 3 0 1 2 3 3 2 2 1 0 2 1 3 1 3 1 1 2 0 3 0 0 1 0 3
1 5 130 135 5 6 1 6 1 100 135 0 0 135 5 0
2 1 3 2 1
1 1 3 2 1 3 2 1 2 3 2 0 0 0 3 1 0 1 3 1 1 2 3 3 1 0 2 1 1 3 2 2 2 3 2 1 2 3 3 2 0 3 3 2 1 2 1 3 2 3 0 3 2 0 2 1 0 1 0 0 0 0 3 1 3 3 3 0 1 3 1 0 2 2 2 1 2 3 2 0 3 1 1 3 2 0 0 1 0 3 1 3 3 1 0 1 1 3 3 1 2 0 1 1 0 2 3 2 2 2 2 1 2 3 2 2 0 0 1 3 2 2 2 3 0 0 0 1 0 2
1 52 131 85 5 6 1 6 1 100 122 52 52 122 52 0
3 0 0 1 0 1 3 2 3 3 2 1 1 0 3 1 3 3 1 2 3 1 1 0 2 1 3 2 0 2 2 3 2 0 2 0 0 1 2 1 2 2 1 0 0 3 3 1 1 1 0 3
2 0 0 1 0 1 3 2 3 3 2 1 1 0 3 1 3 3 1 2 3 1 1 0 2 1 2 2 3 2 2 3 2 0 2 0 0 1 2 1 2 2 1 0 0 3 3 1 1 1 0 3 1 0 1 3 1 1 0 2 2 2 0 1 2 0 1 1 2 1 1 0 2 0 0 3 0 1 1 2 1 1 0 1 1 3 0 1 0 1 1 2 1 3 3 3 3 2 1 1 1 2 2 3 0 0 0 1 1 0 0 1 0 1 2 0 3 0 1 2 1 1 1 0 2 3 1 0 1 1 2
1 7 132 113 5 6 1 6 1 100 113 0 0 110 7 0
2 0 3 2 2 2 0
1 0 3 1 2 2 0 2 3 3 0 1 3 1 3 3 0 0 0 2 0 3 1 2 3 1 0 0 1 2 3 0 0 1 1 2 0 2 0 1 3 2 1 2 1 0 2 3 2 1 2 1 2 3 3 1 2 3 1 2 3 1 2 2 1 1 1 0 0 1 1 2 2 0 3 3 3 1 0 1 3 3 3 3 0 1 1 1 0 1 0 2 3 3 1 0 0 2 2 3 2 0 0 1 0 2 2 1 2 1 3 3 1 2 0 0 1 0 3 3 3 1 1 3 2 1 0 3 2 3 1 3
1 7 132 138 5 6 1 6 1 100 140 7 7 140 7 0
2 0 3 1 0 1 2
1 0 3 1 0 1 2 2 3 3 3 3 2 0 0 2 1 1 3 2 2 2 0 2 0 0 1 2 1 1 3 3 3 3 3 1 0 3 3 3 1 3 1 1 1 1 0 2 0 3 0 2 2 1 0 0 3 2 2 3 1 0 2 0 3 0 0 3 0 1 2 1 2 2 3 0 2 2 0 3 3 3 3 3 1 0 2 3 2 3 1 0 2 3 3 2 2 3 3 2 1 1 1 3 2 1 3 2 2 1 3 2 0 1 1 3 2 3 0 0 1 3 2 1 0 2 3 3 1 2 0 1
1 9 134 121 5 6 1 6 1 100 125 9 9 125 9 0
2 1 2 2 3 3 2 3 1
1 1 2 2 3 3 2 3 1 1 0 1 3 3 3 1 2 0 1 1 0 2 0 0 3 3 2 1 3 3 3 1 0 1 2 2 3 0 1 1 2 2 0 3 3 3 2 3 1 1 2 1 3 3 1 2 0 3 1 3 2 2 3 3 1 0 3 1 0 3 3 3 3 1 0 3 2 2 1 3 3 1 0 0 1 2 0 3 2 1 0 1 0 2 2 2 3 0 3 1 2 1 1 1 0 1 2 3 3 2 0 1 3 3 3 1 3 2 0 1 1 1 0 1 3 3 1 2 0 3 2 0 0 1
1 9 134 136 5 6 1 6 1 100 140 9 9 140 9 0
0 3 1 1 0 2 2 3 2
3 3 1 1 0 2 2 3 2 3 0 2 3 1 0 1 1 1 2 1 2 1 1 2 0 1 0 0 1 1 0 2 1 2 3 0 3 1 2 0 1 2 1 3 2 0 3 0 3 0 3 1 1 1 3 1 1 2 1 2 0 2 1 2 3 1 2 1 0 2 1 0 2 2 0 0 3 0 3 1 1 2 3 0 3 1 2 0 0 0 0 3 2 0 3 2 2 3 0 1 1 3 1 1 0 3 3 1 0 3 2 2 1 1 0 2 3 1 1 0 1 1 0 0 3 2 2 0 3 3 2 1 3 1
1 10 135 130 5 6 1 6 1 100 135 10 10 135 10 0
3 1 2 1 2 2 1 0 1 2
2 1 2 1 2 2 1 0 1 2 1 1 3 3 1 3 3 1 0 0 3 0 2 0 2 2 1 2 2 3 0 1 0 1 0 0 1 0 1 3 3 3 2 2 3 0 3 1 2 1 1 0 0 0 3 3 1 2 0 1 1 0 2 1 0 1 1 2 0 2 1 1 3 3 1 3 2 1 0 3 2 3 3 3 3 2 3 0 3 0 2 3 3 0 1 2 0 2 3 1 0 2 2 2 3 0 0 1 2 2 2 0 1 2 1 0 1 1 3 2 0 3 3 0 3 3 2 1 3 0 1 2 2 1 1
1 10 135 135 5 6 1 6 1 100 140 10 10 140 10 0
1 3 3 3 3 1 0 2 3 3
0 3 3 3 3 1 0 2 3 3 3 1 0 2 3 2 3 3 3 3 3 2 1 1 0 3 3 3 1 2 0 3 2 0 3 0 3 2 1 2 2 1 2 3 2 0 1 0 3 3 3 3 3 0 3 0 3 3 1 1 0 2 1 2 1 0 3 1 0 0 1 2 0 0 0 2 0 3 3 3 0 3 1 2 0 3 1 3 3 1 0 2 0 0 3 2 3 1 2 0 1 0 3 1 1 0 2 0 3 1 1 3 2 3 0 0 0 3 0 0 1 3 3 0 0 0 1 3 3 2 0 0 3 0 1
1 11 136 134 5 6 1 6 1 100 140 11 11 140 11 0
3 1 0 3 1 0 0 0 3 3 1
2 1 0 3 1 0 0 0 3 3 1 3 1 3 2 2 1 0 0 1 3 0 1 2 2 1 0 0 1 0 3 2 0 1 1 2 0 0 2 3 1 3 1 1 3 0 3 1 0 2 2 3 3 2 1 2 0 0 0 1 2 3 2 1 1 2 1 2 0 0 2 0 0 0 2 2 3 2 1 3 0 0 2 3 0 3 3 0 1 1 0 1 0 3 1 0 1 1 1 2 1 1 0 2 3 2 2 1 0 2 2 0 0 1 2 3 2 2 3 0 0 3 0 0 1 1 3 2 0 1 1 2 3 1 0 2
1 12 137 128 5 6 1 6 1 100 135 12 12 135 12 0
0 0 2 3 3 0 0 0 3 1 0 3
3 0 2 3 3 0 0 0 3 1 0 3 3 0 3 1 1 1 2 0 1 2 1 0 3 3 3 3 0 3 2 2 2 1 1 2 2 0 2 1 0 3 1 3 0 3 3 1 3 3 1 1 2 2 3 2 3 3 0 0 2 1 3 2 3 2 2 3 2 3 3 1 3 1 1 3 2 3 3 0 0 3 2 2 1 0 3 3 0 0 3 2 0 2 1 3 0 3 1 0 1 0 0 1 2 3 1 2 3 1 1 3 1 0 3 3 2 3 2 0 3 3 2 1 2 2 2 3 0 3 3 3 3 2 1 3 2
1 13 138 122 5 6 1 6 1 100 130 13 13 130 13 0
0 2 2 1 0 2 3 3 1 1 1 3 0
3 2 2 1 0 2 3 3 1 1 1 3 0 1 3 1 3 1 2 1 0 3 2 2 2 2 0 2 0 1 1 1 1 0 1 0 1 3 0 1 1 0 3 1 2 2 1 2 1 3 0 1 2 2 1 2 3 3 3 1 0 1 3 3 1 3 2 0 2 3 3 1 2 2 1 0 3 2 2 2 2 3 1 0 2 2 3 2 2 2 0 1 1 0 1 1 2 1 2 1 3 0 1 3 2 1 1 2 1 1 0 2 2 1 0 0 0 3 3 1 3 2 3 3 3 3 0 3 1 0 2 0 1 1 2 1 3 3
1 13 138 132 5 6 1 6 1 100 140 13 13 140 13 0
3 1 2 2 1 0 2 2 3 0 2 0 2
2 1 2 2 1 0 2 2 3 0 2 0 2 1 2 0 0 2 2 1 0 0 1 0 1 1 0 2 1 3 2 3 0 1 2 2 1 3 3 1 0 3 1 1 1 0 1 2 2 2 3 3 0 3 1 2 2 3 0 1 1 2 3 2 0 1 1 2 3 0 1 1 0 2 0 3 0 3 3 3 2 1 1 2 1 2 1 3 2 0 0 2 1 2 2 1 3 1 0 1 1 2 0 1 1 0 2 1 2 1 0 0 1 0 3 2 3 1 1 3 2 0 0 3 2 2 3 3 3 2 1 0 2 1 3 1 0 3
1 14 139 126 5 6 1 6 1 100 135 14 14 135 14 0
0 2 1 2 1 0 0 2 0 0 2 2 0 1
3 2 1 2 1 0 0 2 0 0 2 2 0 1 3 2 2 2 1 0 3 3 2 0 2 2 1 1 1 0 2 2 1 2 1 2 2 1 0 2 2 1 0 1 2 3 3 0 3 1 0 2 2 1 0 3 3 3 2 1 1 1 2 1 0 1 1 3 3 2 3 3 2 1 1 1 2 2 3 2 0 0 2 3 2 1 3 2 2 3 1 0 1 1 2 1 2 1 0 0 1 0 3 1 3 1 2 0 1 2 0 3 1 0 0 3 2 3 2 0 0 0 1 1 3 3 3 1 3 2 1 3 2 2 1 2 1 3 0
1 15 140 130 5 6 1 6 1 100 140 15 15 140 15 0
3 0 3 2 0 3 3 1 1 3 1 0 1 0 0
2 0 3 2 0 3 3 1 1 3 1 0 1 0 0 3 1 0 2 1 2 1 0 1 3 3 1 1 1 2 3 3 0 1 0 2 2 3 1 0 2 0 2 1 0 3 3 2 0 1 0 2 3 0 0 0 3 2 2 1 2 2 0 2 1 1 0 1 3 1 0 2 2 2 0 0 1 1 0 3 3 1 0 2 2 1 0 2 3 2 0 3 3 0 2 1 0 3 1 0 1 1 3 0 3 0 1 1 3 0 1 0 2 1 3 2 0 0 1 1 1 2 0 0 2 0 2 0 3 2 0 3 3 2 3 0 0 3 2 0
1 63 141 72 5 6 1 6 1 100 125 63 63 125 63 0
1 3 1 1 0 3 3 2 1 3 2 0 2 2 1 3 3 1 0 3 0 1 0 0 0 3 1 2 3 1 1 2 2 0 0 3 1 2 1 3 3 3 1 0 3 1 0 0 2 1 1 1 0 3 2 1 0 2 0 2 2 0 3
0 3 1 1 0 3 3 2 1 3 2 0 2 2 1 3 3 1 0 3 0 1 0 0 0 3 1 2 3 1 1 2 2 0 0 3 1 2 1 3 3 3 1 0 2 1 0 0 2 1 1 1 0 3 2 1 0 2 0 2 2 0 3 1 0 3 1 0 3 2 3 0 1 2 2 0 3 0 0 1 1 1 0 2 1 1 0 2 2 3 0 3 3 2 0 1 2 0 3 0 0 3 3 0 2 1 0 3 1 2 3 2 1 2 2 2 1 2 2 3 2 2 3 1 2 2 0 3 1 2 1 3 2 0 0 1 1 0 2 2 1
1 16 141 129 5 6 1 6 1 100 140 16 16 140 16 0
0 0 3 3 3 2 1 3 0 0 3 1 3 0 1 3
3 0 3 3 3 2 1 3 0 0 3 1 3 0 1 3 1 2 1 1 2 1 0 3 3 3 3 3 0 0 3 3 2 0 1 2 0 1 0 3 0 0 3 1 1 0 2 1 1 0 3 1 2 1 3 2 2 0 3 3 3 1 1 1 1 1 1 1 0 2 0 0 2 3 2 1 1 2 2 0 3 1 1 2 0 0 0 0 2 0 0 2 0 0 1 3 0 0 1 3 1 2 3 3 2 3 2 2 0 2 0 0 3 0 0 1 0 0 0 0 0 3 2 2 3 1 0 3 1 3 2 2 0 2 1 3 3 0 1 0 2
1 17 142 103 5 6 1 6 1 100 110 12 12 110 17 0
0 3 3 3 2 1 1 0 2 0 1 3 3 0 0 2 0
3 3 3 3 2 1 1 0 2 0 1 3 2 0 0 2 0 2 2 3 1 0 3 0 1 1 0 2 3 3 0 3 2 0 1 1 3 1 3 2 3 0 1 3 3 0 3 0 0 1 0 0 1 0 0 1 2 3 0 0 2 2 3 3 0 3 3 2 1 2 1 3 0 3 2 1 0 0 0 1 0 1 0 0 0 3 1 0 0 0 2 3 3 1 2 3 2 2 0 3 0 3 1 0 3 1 3 1 2 0 1 2 3 3 3 0 1 1 0 2 1 0 1 2 3 1 0 0 1 0 0 1 2 1 1 1 2 1 3 0 1 1
1 18 143 117 5 6 1 6 1 100 130 18 18 130 18 0
2 2 2 1 0 1 3 0 0 0 3 2 2 2 2 3 3 0
1 2 2 1 0 1 3 0 0 0 3 2 2 2 2 3 3 0 0 0 2 1 2 2 3 1 0 2 1 2 2 1 0 2 1 2 1 1 3 0 3 1 2 1 2 3 2 0 1 2 0 3 3 1 1 0 2 1 1 2 3 0 1 3 2 1 0 0 0 3 1 2 1 1 3 2 1 1 3 2 1 2 1 1 2 2 0 3 2 2 3 3 0 2 1 2 1 1 0 1 3 1 0 2 2 3 1 3 2 0 3 0 1 1 2 2 0 0 0 1 1 2 2 2 2 0 0 0 0 3 3 3 3 1 0 3 3 3 3 1 1 1 1
1 19 144 111 5 6 1 6 1 100 125 19 19 125 19 0
0 3 3 1 1 0 1 2 0 1 1 0 2 2 1 2 3 2 1
3 3 3 1 1 0 1 2 0 1 1 0 2 2 1 2 3 2 1 0 1 3 1 0 3 1 2 2 0 3 0 0 3 0 0 0 1 2 0 1 1 2 1 0 3 3 2 2 1 3 2 1 0 2 3 2 2 0 2 0 3 3 2 3 3 0 1 1 3 1 3 3 2 3 2 0 3 2 1 3 2 2 3 2 3 3 0 1 0 1 0 2 1 3 0 0 0 3 3 2 3 2 3 3 2 1 0 1 3 1 1 1 3 2 3 3 2 1 1 2 2 0 2 3 3 0 1 0 2 3 2 1 3 1 1 0 2 0 1 3 3 1 0 0
1 19 144 121 5 6 1 6 1 100 135 19 19 135 19 0
2 1 3 2 2 3 2 1 2 1 0 2 1 2 3 0 1 1 2
1 1 3 2 2 3 2 1 2 1 0 2 1 2 3 0 1 1 2 1 2 3 2 3 2 0 3 2 2 2 1 3 3 1 0 3 1 2 2 1 2 2 3 0 1 3 3 1 1 2 0 3 1 2 3 1 1 3 2 1 2 1 1 0 0 3 1 0 2 1 2 0 3 0 0 0 2 0 0 2 3 1 2 0 3 2 1 2 0 3 3 0 3 2 0 0 1 1 2 1 1 3 2 1 0 2 1 0 2 2 3 3 2 2 3 2 0 3 0 0 2 1 1 2 1 2 3 1 1 2 0 0 0 0 1 2 1 3 2 3 3 3 2 0
1 25 145 114 5 6 1 6 1 100 134 25 25 134 25 0
0 0 3 2 2 0 3 0 3 1 2 1 3 3 1 3 1 2 2 2 3 0 3 3 2
3 0 3 2 2 0 3 0 3 1 2 1 3 3 1 3 1 2 2 2 3 0 3 3 2 3 3 1 3 1 0 1 1 1 2 2 3 2 1 3 0 3 1 2 1 1 2 3 3 3 3 3 1 1 3 2 1 0 0 2 2 3 3 3 3 0 3 3 3 3 1 0 3 2 3 1 0 1 0 2 3 1 3 0 1 0 3 1 1 2 3 2 1 3 3 1 2 3 1 2 3 0 0 3 2 2 0 3 3 3 0 1 3 3 3 3 0 0 0 1 0 2 3 3 3 3 3 3 2 3 3 2 1 3 1 0 1 2 0 3 1 2 1 3 2
1 21 146 119 5 6 1 6 1 100 130 16 16 130 21 0
0 0 3 1 1 0 0 1 2 1 1 3 3 3 3 1 1 2 1 0 0
3 0 3 1 1 0 0 1 2 1 1 3 3 3 3 1 0 2 1 0 0 3 3 3 1 0 1 2 2 2 1 2 1 3 0 0 2 3 3 1 0 2 3 2 3 3 3 3 1 3 0 0 1 0 2 1 2 1 2 1 2 1 2 1 1 2 1 0 2 1 1 3 2 2 2 1 2 3 0 0 2 2 2 1 1 2 1 1 2 2 0 2 1 1 2 0 3 0 2 1 0 0 3 0 0 2 0 3 1 2 3 3 3 3 1 3 2 2 1 3 2 1 0 1 1 0 1 2 3 1 0 1 1 2 3 3 0 1 1 2 2 3 2 0 3 2
1 57 147 83 5 6 1 6 1 100 135 57 57 135 57 0
0 2 2 3 3 3 1 1 1 2 2 2 0 0 2 3 1 3 2 3 3 1 1 3 3 3 1 3 1 0 1 3 3 1 0 0 1 1 2 1 2 1 2 1 2 3 2 0 3 2 1 2 2 2 1 3 2
3 2 2 3 3 3 1 1 1 2 2 2 0 0 2 3 1 3 2 3 3 1 1 3 3 3 1 3 1 0 1 3 3 1 0 0 1 1 2 1 2 1 2 1 2 3 2 0 3 2 1 2 2 2 1 3 2 2 1 0 3 0 3 3 0 1 1 2 3 1 1 0 3 2 1 0 2 2 1 2 0 0 2 1 3 2 1 1 2 2 2 1 1 2 2 0 0 0 2 1 0 3 1 3 2 2 1 0 2 2 1 2 0 3 3 1 2 3 2 0 0 1 3 2 2 2 3 2 1 2 2 0 2 1 2 3 0 3 3 2 2 0 1 0 3 2 2
1 23 148 127 5 6 1 6 1 100 145 23 23 145 23 0
0 1 3 3 3 0 0 2 0 3 0 2 1 2 2 1 3 3 0 0 3 2 2
3 1 3 3 3 0 0 2 0 3 0 2 1 2 2 1 3 3 0 0 3 2 2 1 1 2 3 1 3 3 3 3 1 0 2 2 3 2 1 3 2 1 0 1 1 0 3 1 0 3 3 0 0 2 0 0 1 3 1 1 3 2 2 3 0 2 3 1 0 0 0 2 3 3 0 0 0 2 3 2 1 2 2 1 0 3 3 3 0 1 3 2 0 1 2 3 3 0 3 0 0 1 3 3 0 1 1 1 0 2 3 3 3 0 2 3 2 1 2 3 0 0 1 1 2 3 3 3 0 0 3 0 2 1 1 3 2 2 1 3 2 3 2 3 0 0 1 3
1 24 149 121 5 6 1 6 1 100 135 24 24 135 24 0
2 0 3 3 3 2 2 1 2 0 3 2 0 1 0 0 0 1 0 0 3 2 0 2
1 0 3 3 3 2 2 0 2 0 3 2 0 1 0 0 0 1 0 0 3 2 0 2 1 1 3 2 0 3 1 1 2 1 0 1 3 2 0 0 0 1 1 0 2 0 2 0 1 0 1 0 0 0 0 1 2 1 2 1 0 2 1 3 2 0 1 1 1 0 1 3 2 1 0 1 2 0 1 1 3 2 1 2 3 0 2 1 0 0 2 1 1 2 3 3 3 3 1 3 2 0 2 3 2 2 2 2 1 2 0 0 2 0 3 2 0 0 0 3 1 0 2 2 1 2 3 3 3 3 0 0 3 1 3 2 0 3 0 2 0 1 2 1 2 1 3 3 1
1 25 150 115 5 6 1 6 1 100 130 25 25 130 25 0
2 3 3 3 1 3 2 3 1 2 1 1 0 3 3 3 2 3 0 3 0 3 1 2 3
1 3 3 3 1 3 2 3 1 2 1 1 0 3 3 2 2 3 0 3 0 3 1 2 3 3 2 1 3 2 2 3 3 3 1 3 1 3 2 0 1 0 3 3 0 0 1 2 1 1 0 0 3 2 0 3 2 3 2 3 2 2 1 3 2 2 0 3 2 1 3 2 0 0 0 2 1 1 0 2 1 0 0 2 1 1 2 1 2 1 2 0 2 1 0 0 0 0 2 1 2 0 1 3 2 1 2 3 2 2 3 3 3 3 2 2 3 1 2 1 0 3 2 3 3 2 2 3 0 2 1 1 1 3 2 1 0 0 1 0 0 2 2 1 3 0 1 2 2 1
1 61 151 69 5 6 1 6 1 100 115 61 61 115 61 0
2 2 2 1 0 0 3 1 3 2 0 1 1 0 0 1 2 1 3 1 0 1 2 0 2 3 3 2 1 2 3 0 0 0 0 0 0 1 3 2 3 3 3 2 0 0 2 0 0 0 1 1 1 2 1 1 2 1 1 0 1
1 2 2 1 0 0 3 1 3 2 0 1 1 0 0 1 2 1 3 1 0 1 2 0 2 3 3 2 1 2 3 0 0 0 0 0 0 1 3 2 3 3 3 2 0 0 2 0 0 0 0 0 1 2 1 1 2 1 1 0 1 0 3 1 0 0 1 0 1 1 0 1 3 3 1 1 2 0 1 3 1 2 2 0 0 0 3 3 1 3 2 1 3 3 0 0 3 0 3 1 3 3 1 2 1 1 0 2 1 2 0 2 1 3 2 2 0 1 0 0 1 3 3 1 1 2 1 1 0 1 3 0 1 1 1 2 1 3 2 2 0 0 2 1 1 2 0 1 0 0 3
1 26 151 119 5 6 1 6 1 100 135 21 21 135 26 0
0 0 0 1 1 2 1 1 1 2 0 1 1 0 0 1 3 1 1 0 3 2 1 3 2 1
3 0 0 1 1 2 1 1 1 2 0 1 1 0 0 1 3 1 1 0 3 1 1 3 2 1 3 2 1 2 3 2 0 0 0 3 1 0 1 3 1 1 2 3 3 1 0 2 1 1 3 2 2 2 3 2 1 2 3 3 2 0 3 3 2 1 2 1 3 2 3 0 3 2 0 2 1 0 1 0 0 0 0 3 1 3 3 3 0 1 3 1 0 2 2 2 1 2 3 2 0 3 1 1 3 2 0 0 1 0 3 1 3 3 1 0 1 1 3 3 1 2 0 1 1 0 2 3 2 2 2 2 1 2 3 2 2 0 0 1 3 2 2 2 3 0 0 0 1 0 2
1 27 152 98 5 6 1 6 1 100 117 24 24 115 27 0
2 2 2 1 3 3 1 3 2 0 2 3 3 3 3 3 0 3 3 3 0 0 1 2 1 0 0
1 2 2 1 3 3 1 3 2 0 2 3 3 3 3 3 0 3 3 3 0 0 1 2 0 0 0 1 0 0 0 3 3 1 3 2 1 2 0 3 2 0 3 1 0 2 0 1 0 2 0 0 2 2 2 0 0 3 0 0 0 0 3 0 0 0 0 0 0 3 1 2 3 1 2 1 2 0 2 2 0 0 0 0 0 1 0 3 1 2 2 3 2 1 1 2 0 2 2 1 1 0 2 3 1 1 0 0 2 1 3 1 0 0 3 0 3 3 0 3 3 0 3 3 2 0 3 0 0 1 2 3 3 2 3 3 0 0 0 2 1 3 2 3 0 0 0 1 2 2 1 2
1 28 153 112 5 6 1 6 1 100 130 28 28 130 28 0
1 1 3 3 2 0 0 2 0 3 1 2 2 1 2 1 0 3 3 3 3 3 0 3 1 3 3 3
0 1 3 2 2 0 0 2 0 3 1 2 2 1 2 1 0 3 3 3 3 3 0 3 1 3 3 3 0 3 3 2 0 3 2 2 1 2 0 0 0 0 3 2 2 3 3 3 2 1 2 0 1 2 1 2 3 3 0 2 1 2 1 1 0 0 1 1 0 3 2 3 2 1 3 2 2 0 3 1 3 2 1 1 1 2 2 0 2 0 3 1 1 1 1 0 1 1 2 1 1 0 2 2 3 0 1 0 2 3 3 1 0 2 2 3 3 3 1 0 2 1 0 3 1 0 2 2 3 3 2 2 0 2 0 3 0 1 1 2 0 1 0 3 0 2 1 2 3 3 1 2 3
1 28 153 122 5 6 1 6 1 100 144 27 27 140 28 0
2 2 1 3 3 2 1 2 2 1 3 2 1 3 1 3 3 1 0 0 1 2 2 1 3 3 2 0
1 2 1 3 3 2 1 2 2 1 3 2 1 3 1 3 3 1 0 0 1 2 2 1 3 3 2 3 3 1 0 2 0 2 2 1 1 3 3 1 0 1 0 2 2 1 3 1 3 3 2 1 2 1 1 3 2 0 0 1 2 0 3 3 3 1 3 3 1 3 0 1 0 0 1 1 2 2 3 3 2 3 3 1 0 3 3 1 3 2 0 0 1 3 3 1 3 2 3 1 3 1 3 3 3 3 3 1 1 2 2 2 2 3 1 3 2 1 3 1 3 3 3 3 3 2 0 1 1 0 0 0 2 1 1 1 0 2 1 1 0 2 2 0 0 0 0 0 0 0 2 1 1
1 29 154 111 5 6 1 6 1 100 130 29 29 130 29 0
3 2 2 3 1 0 0 0 3 3 1 1 3 1 1 0 1 3 3 1 1 3 2 1 1 1 2 1 2
0 2 2 3 1 0 0 0 3 3 1 1 3 1 1 0 1 3 2 1 1 3 2 1 1 1 2 1 2 3 3 3 1 0 3 2 0 1 2 0 1 1 0 0 0 1 2 0 1 2 1 3 3 2 2 1 0 0 2 0 0 0 0 3 2 2 1 2 2 0 0 2 0 0 3 3 3 2 2 1 1 3 0 1 0 3 2 2 1 2 2 3 0 3 2 2 0 0 2 3 1 0 1 3 2 0 3 2 0 2 2 3 1 3 3 1 2 0 0 3 1 3 2 1 1 2 1 1 0 2 1 0 3 3 2 3 3 3 3 3 2 0 3 1 0 2 2 1 2 2 0 0 0 0
1 30 155 100 5 6 1 6 1 100 120 30 30 120 30 0
2 1 1 2 1 2 0 0 2 3 2 0 3 0 0 1 1 1 0 2 2 3 0 0 3 3 1 0 1 1
1 1 1 2 1 2 0 0 1 3 2 0 3 0 0 1 1 1 0 2 2 3 0 0 3 3 1 0 1 1 0 3 3 3 3 3 2 1 3 2 2 1 0 3 3 0 0 0 0 1 2 3 0 2 2 1 1 2 2 0 3 0 0 2 2 1 2 1 3 1 2 1 2 1 1 2 1 0 3 1 1 2 2 1 2 1 3 2 3 3 2 1 1 0 0 0 1 3 1 1 0 2 3 2 1 1 2 1 0 0 3 0 0 3 2 3 1 2 2 0 3 2 1 2 0 3 2 1 3 3 2 1 2 1 0 3 1 3 3 0 3 1 1 2 0 1 1 3 0 1 0 2 3 2 0
1 30 155 110 5 6 1 6 1 100 135 30 30 135 30 0
2 0 3 1 3 2 2 2 2 0 3 1 0 2 1 1 3 2 0 0 0 2 0 0 2 1 0 2 0 0
1 0 3 1 3 2 2 2 2 0 3 1 0 2 1 1 3 2 0 0 0 2 0 0 2 1 0 2 0 0 0 0 0 1 0 3 1 3 2 1 3 2 1 1 2 1 2 3 3 0 1 0 0 1 3 3 1 0 0 3 2 0 3 2 3 1 2 0 1 2 0 2 3 3 2 1 3 2 2 1 2 2 1 2 0 3 3 2 2 3 2 2 1 2 2 2 2 0 3 0 3 1 1 2 3 1 3 1 0 0 3 1 0 2 0 3 2 2 3 2 0 0 1 3 3 1 1 3 2 1 0 0 3 1 2 1 0 0 3 3 3 0 0 3 0 0 2 1 1 2 0 2 3 2 1
1 30 155 115 5 6 1 6 1 100 140 30 30 140 30 0
2 1 1 3 1 0 1 2 1 0 3 1 2 3 1 3 3 3 2 2 1 2 1 0 0 2 1 2 2 2
2 1 1 3 1 0 1 2 1 0 3 1 2 2 1 3 3 3 2 2 1 2 1 0 0 2 1 2 2 2 1 2 1 0 0 3 2 2 1 2 2 0 1 0 2 1 3 3 2 3 2 0 0 1 3 1 1 3 0 1 0 2 1 1 2 1 2 0 1 0 3 1 2 0 1 2 3 2 0 3 1 2 0 0 0 0 0 0 2 1 3 0 1 2 2 1 0 3 2 2 0 1 0 1 1 2 1 1 1 2 3 0 3 2 1 3 1 2 2 1 0 2 1 0 3 2 0 3 2 3 3 1 2 0 0 2 2 3 2 2 3 2 0 2 0 3 1 0 3 1 1 2 1 2 0
1 30 155 120 5 6 1 6 1 100 140 30 30 140 30 0
0 3 2 0 1 1 2 3 0 1 3 0 0 0 0 2 2 3 2 1 0 0 1 2 0 3 1 0 1 2
3 3 2 0 1 1 2 3 0 1 3 0 0 0 0 2 2 3 2 1 0 0 1 1 0 3 1 0 1 2 2 3 3 3 3 2 0 0 2 1 1 3 2 2 2 0 2 0 0 1 2 1 1 3 3 3 3 3 1 0 3 3 3 1 3 1 1 1 1 0 2 0 3 0 2 2 1 0 0 3 2 2 3 1 0 2 0 3 0 0 3 0 1 2 1 2 2 3 0 2 2 0 3 3 3 3 3 1 0 2 3 2 3 1 0 2 3 3 2 2 3 3 2 1 1 1 3 2 1 3 2 2 1 3 2 0 1 1 3 2 3 0 0 1 3 2 1 0 2 3 3 1 2 0 1
1 31 156 119 5 6 1 6 1 100 140 31 31 140 31 0
1 0 2 1 0 3 0 3 1 1 1 2 2 0 0 0 2 3 1 0 1 1 3 2 2 1 2 2 3 2 0
0 0 2 1 0 3 0 3 1 1 1 2 2 0 0 0 2 3 0 0 1 1 3 2 2 1 2 2 3 2 0 3 3 3 1 2 2 3 1 0 0 1 2 2 3 1 3 2 3 3 3 2 1 1 2 1 3 1 2 1 2 0 0 2 1 2 1 2 3 1 0 2 2 1 2 1 3 2 1 0 0 0 0 1 2 0 3 1 3 1 0 0 1 2 3 2 0 3 2 1 3 2 3 3 3 3 1 1 2 0 3 0 0 1 2 3 1 3 1 0 2 3 3 2 0 0 2 0 3 2 0 0 1 3 2 2 1 2 1 3 1 0 0 2 1 0 0 1 3 2 2 1 1 1 0 1
1 32 157 108 5 6 1 6 1 100 125 32 32 125 32 0
1 2 1 2 0 3 2 2 3 2 3 1 0 3 3 3 2 3 2 2 0 0 0 3 2 3 3 1 3 0 1 1
0 2 1 2 0 3 2 2 3 2 3 1 0 3 3 3 2 2 2 1 0 0 0 3 2 3 3 1 3 0 1 1 1 0 0 3 2 1 3 2 2 3 2 0 2 1 3 0 3 0 3 2 3 3 2 1 3 1 0 0 3 0 0 3 0 3 1 3 2 2 3 0 1 2 2 1 3 0 3 2 2 2 1 3 2 0 3 3 0 3 3 1 1 2 2 2 3 0 3 3 1 3 0 3 3 3 2 3 0 1 3 2 0 3 1 0 1 2 1 3 2 0 3 2 1 3 2 3 3 2 0 0 0 0 2 1 0 0 0 3 3 1 1 1 1 0 2 1 1 0 2 3 3 2 2 3 2
1 33 158 112 5 6 1 6 1 100 135 33 33 135 33 0
3 2 0 2 2 2 3 2 0 3 2 0 2 1 2 0 3 3 0 0 0 3 3 3 0 2 3 2 3 2 1 2 0
2 2 0 2 2 2 3 2 0 3 2 0 2 1 2 0 3 3 0 3 0 3 3 3 0 2 3 2 3 2 1 2 0 0 3 0 0 3 3 3 3 2 3 3 3 2 3 0 0 0 3 2 1 0 0 0 3 2 0 2 0 0 0 3 0 3 0 1 2 1 0 3 3 1 0 3 0 3 3 3 2 3 1 0 3 2 3 0 0 0 1 1 0 0 0 1 0 2 0 2 0 0 3 2 3 1 3 3 3 3 1 0 2 1 2 1 0 3 3 1 2 1 0 2 2 1 0 2 0 0 0 3 2 2 2 0 0 3 0 0 3 2 2 1 2 0 3 0 3 0 3 0 1 2 2 1 0 2
1 34 159 106 5 6 1 6 1 100 135 34 34 135 34 0
3 0 1 2 3 3 1 1 0 0 1 2 2 3 3 2 0 3 2 1 0 3 0 2 0 1 1 0 2 0 1 2 1 1
2 0 1 2 3 3 1 1 0 0 1 2 2 3 3 2 0 3 2 1 0 3 0 2 0 1 1 0 2 0 1 2 1 1 0 2 1 3 1 0 1 0 1 3 2 0 1 2 3 1 1 0 2 1 1 3 3 3 3 2 2 1 2 1 3 3 1 1 0 2 1 0 1 0 0 1 3 3 1 1 2 3 3 1 1 1 2 2 1 2 3 2 2 0 2 1 2 2 2 0 0 0 1 1 2 0 0 1 2 1 0 2 1 2 0 0 1 3 2 2 0 3 0 0 1 1 0 2 1 3 0 0 0 1 0 2 3 3 1 0 1 2 2 0 0 3 3 2 3 0 0 3 1 1 3 3 2 1 0
1 34 159 111 5 6 1 6 1 100 140 34 34 140 34 0
3 3 2 0 2 1 2 3 3 0 3 0 1 1 3 0 3 0 3 0 1 1 1 0 1 1 0 3 1 3 1 1 1 3
2 3 2 0 2 1 2 3 3 0 3 0 1 1 3 0 3 0 3 0 1 1 1 0 1 1 0 3 1 3 1 1 1 3 2 1 3 1 2 0 1 0 2 1 1 3 0 1 0 2 1 2 0 2 0 0 2 2 1 3 3 1 1 0 2 1 1 0 3 3 1 3 3 3 2 1 1 3 2 3 1 0 2 0 1 1 1 2 1 2 3 2 1 2 3 2 0 1 1 1 2 2 2 3 1 2 3 1 2 3 2 0 0 1 0 3 0 1 0 0 0 2 1 0 3 0 3 2 1 3 2 1 2 3 1 3 2 1 2 2 1 2 2 2 0 0 2 2 2 1 0 2 0 3 1 0 1 1 2
1 35 160 105 5 6 1 6 1 100 135 35 35 135 35 0
2 3 1 2 3 0 3 2 3 3 3 3 0 1 1 0 3 1 0 0 3 0 3 1 2 0 1 1 0 1 3 3 1 3 2
0 3 1 2 3 0 3 2 3 3 3 3 0 1 1 0 3 1 0 0 3 0 3 1 2 0 1 1 0 1 3 3 1 3 2 3 3 3 3 2 1 1 0 3 1 0 3 1 3 1 1 2 1 1 1 0 2 3 3 3 2 0 1 1 2 1 2 2 3 3 2 2 0 2 0 0 1 3 2 2 1 2 2 1 0 1 1 2 2 0 0 2 0 2 3 1 0 2 3 0 3 0 2 2 3 0 0 3 0 2 3 3 3 3 0 0 1 0 2 0 0 0 1 0 2 1 0 1 1 0 2 3 0 2 3 3 3 1 0 3 3 1 0 1 0 3 1 1 2 1 0 2 1 2 3 0 0 0 2 0
1 38 163 92 5 6 1 6 1 100 125 38 38 125 38 0
1 3 1 0 1 1 0 1 3 3 2 1 3 3 3 2 0 1 2 0 0 2 3 0 0 2 3 1 2 1 2 1 3 2 2 2 0 3
0 3 1 0 1 1 0 1 3 3 2 1 3 3 3 2 0 1 2 0 0 2 3 0 0 2 3 1 2 1 2 1 3 2 2 2 0 3 2 1 3 2 2 0 3 1 0 0 1 0 2 3 3 2 0 3 3 1 0 2 0 3 1 2 0 3 2 1 2 1 3 2 3 3 1 0 0 1 2 3 0 0 3 1 3 2 1 3 2 1 1 2 2 3 2 0 0 2 2 0 0 0 2 1 1 0 1 0 1 3 2 0 0 1 0 0 2 0 3 1 2 1 3 0 0 0 3 0 2 1 2 2 0 0 0 0 2 3 1 0 1 0 0 3 3 3 1 2 1 2 2 0 2 0 3 1 1 2 1 0 2 2 1
1 38 163 107 5 6 1 6 1 100 137 35 35 135 38 0
2 2 1 0 2 1 3 3 3 0 0 1 0 2 1 0 2 0 3 1 3 2 3 3 2 1 1 2 2 3 1 1 2 2 3 3 3 0
1 2 1 0 2 1 3 3 3 0 0 1 0 2 1 0 2 0 3 1 3 2 3 3 2 1 1 2 2 3 1 1 2 2 3 2 3 0 0 3 1 0 3 1 1 2 1 3 3 3 0 2 3 2 1 3 2 3 3 2 2 2 0 3 1 3 3 3 2 1 1 2 0 2 0 3 0 0 3 3 1 0 0 1 0 1 2 2 3 0 2 1 0 0 0 0 0 1 3 3 1 3 3 1 3 2 2 1 2 1 0 3 1 1 0 2 2 0 0 0 2 0 2 0 1 0 1 1 2 1 0 2 1 3 3 3 3 1 0 2 3 3 3 3 3 1 1 0 2 0 3 3 3 3 1 0 2 2 3 3 3 2 0
1 39 164 101 5 6 1 6 1 100 130 39 39 130 39 0
1 1 1 1 2 1 2 1 0 3 2 2 0 1 0 3 0 1 1 2 0 1 0 1 3 3 2 0 3 2 2 2 0 0 1 2 2 2 0
0 1 1 1 2 1 2 1 0 3 2 2 0 1 0 3 0 1 1 2 3 1 0 1 3 3 2 0 3 2 2 2 0 0 1 2 2 2 0 0 1 3 2 3 1 2 2 3 2 3 2 0 3 2 0 3 3 2 1 1 0 2 1 0 2 3 2 0 1 1 3 2 0 3 3 0 0 3 1 1 1 0 3 3 1 1 2 2 0 0 2 0 0 3 1 0 0 1 2 2 0 0 0 1 2 2 1 2 2 1 0 0 2 0 1 0 0 1 0 3 0 3 1 2 2 2 1 1 0 1 3 2 2 1 1 1 1 2 2 3 2 2 1 0 2 2 1 3 1 3 2 0 3 3 3 2 3 0 3 2 3 2 3 3
1 40 165 95 5 6 1 6 1 100 125 40 40 125 40 0
2 1 0 2 1 2 2 2 3 3 2 3 2 1 0 0 1 0 2 3 3 3 0 3 1 1 2 1 1 0 2 2 2 1 3 3 3 0 0 3
1 1 0 2 1 2 2 2 3 3 2 3 2 1 0 0 1 0 2 3 3 3 3 3 1 1 2 1 1 0 2 2 2 1 3 3 3 0 0 3 0 3 1 2 3 1 0 2 0 2 0 0 2 2 3 1 2 1 2 2 0 2 0 0 3 0 0 1 0 2 2 3 3 1 3 2 2 1 2 1 3 3 1 2 1 0 2 2 3 0 2 3 3 3 3 2 3 3 0 0 1 0 1 2 1 2 0 1 2 2 0 3 0 3 1 2 3 2 2 0 3 0 0 0 2 1 1 1 0 3 2 3 1 2 0 2 1 0 3 2 1 2 2 3 1 0 2 1 3 3 1 0 3 1 2 0 2 2 0 1 2 0 2 2 0
1 40 165 110 5 6 1 6 1 100 140 40 40 140 40 0
2 2 1 1 2 0 3 1 0 0 1 3 3 2 1 3 2 3 1 0 1 3 2 2 3 2 0 0 0 0 3 1 0 2 1 0 2 3 2 2
1 2 1 1 1 0 3 1 0 0 1 3 3 2 1 3 2 3 1 0 1 3 2 2 3 2 0 0 0 0 3 1 0 2 1 0 2 3 2 2 0 0 1 1 0 2 1 2 1 1 0 2 0 2 1 2 0 3 0 1 1 0 0 0 0 1 3 3 0 0 1 0 2 3 0 1 1 3 2 0 1 3 1 0 3 0 0 1 1 0 2 0 0 3 1 1 2 3 2 3 1 2 2 0 3 1 3 0 0 3 1 1 1 0 3 1 0 2 0 0 3 2 0 1 0 0 3 0 0 0 3 2 0 1 2 2 1 0 0 1 0 3 2 2 3 2 0 1 3 2 3 0 1 2 0 1 2 1 0 1 1 1 0 1 0
1 41 166 104 5 6 1 6 1 100 135 41 41 135 41 0
1 3 3 2 0 0 0 2 2 1 3 2 0 1 1 2 3 3 2 1 2 1 1 0 0 1 1 2 0 1 2 0 3 1 1 2 0 1 0 3 3
0 3 3 2 0 0 0 2 1 1 3 2 0 1 1 2 3 3 2 1 2 1 1 0 0 1 1 2 0 1 2 0 3 1 1 2 0 1 0 3 3 0 3 1 2 1 2 3 0 3 2 0 1 1 0 3 1 1 0 2 0 1 1 2 3 2 2 2 1 2 0 3 2 0 0 0 0 0 2 3 0 1 3 3 2 0 2 1 0 2 0 3 1 2 0 0 0 0 2 1 0 0 3 3 0 1 0 1 0 0 0 1 3 2 2 3 1 2 0 3 2 3 1 3 3 2 1 2 1 2 3 2 0 2 3 2 0 2 3 3 2 2 2 2 1 0 2 2 2 1 2 1 2 1 0 3 2 3 3 2 0 2 1 2 2 2
1 41 166 109 5 6 1 6 1 100 135 41 41 135 41 0
1 2 0 2 1 3 3 2 2 3 2 0 2 2 0 3 1 1 1 1 3 3 1 3 3 1 2 2 2 1 0 2 3 3 2 3 0 1 3 2 2
0 2 0 2 1 3 3 2 1 3 2 3 2 2 0 3 1 1 1 1 3 3 1 3 3 1 2 2 2 1 0 2 3 3 2 3 0 1 3 2 2 3 3 0 0 1 1 2 2 1 0 0 1 3 3 0 3 3 2 0 3 1 2 0 1 0 2 0 0 0 1 0 0 3 1 2 1 0 1 3 0 0 0 2 1 3 1 0 1 2 2 1 0 1 1 0 3 3 2 1 2 2 0 0 2 3 0 2 3 2 0 0 3 1 0 1 3 3 1 0 0 0 0 0 0 1 2 1 1 2 3 0 3 3 3 1 1 0 3 1 3 2 2 0 3 2 3 3 1 1 1 2 2 0 0 2 2 0 0 1 1 1 2 1 0 2
1 47 172 98 5 6 1 6 1 100 140 47 47 140 47 0
1 1 1 2 1 2 1 3 3 2 2 1 0 0 0 1 3 1 1 0 2 2 0 0 1 0 0 0 0 3 0 3 1 2 0 3 0 2 1 1 3 0 1 2 1 0 2
0 1 1 2 1 2 1 3 3 2 2 1 0 0 0 1 3 1 1 0 2 2 0 0 1 0 0 0 0 3 0 3 1 2 0 3 0 2 1 1 3 0 1 2 1 0 2 3 2 0 1 1 3 2 1 2 1 2 0 0 0 0 2 2 2 1 0 3 1 1 1 2 3 0 3 0 1 1 0 1 3 2 3 3 1 2 3 0 0 0 2 0 0 0 0 1 0 0 1 3 0 1 2 2 1 1 3 2 0 2 1 0 3 1 0 1 3 3 3 1 1 2 1 2 0 3 2 1 3 0 0 0 2 1 3 1 2 3 2 0 3 2 0 0 2 1 1 0 3 3 2 1 2 3 0 3 1 3 2 0 2 1 0 0 2 1 2 1 1 0 3 1
1 57 173 78 5 6 1 6 1 100 130 57 57 130 57 0
0 2 2 0 0 2 1 2 1 0 2 1 0 0 3 0 1 2 2 3 0 3 3 2 1 2 3 3 1 1 1 2 0 0 0 2 2 3 0 2 1 2 0 1 2 0 2 1 3 2 1 2 3 2 0 1 0
3 2 2 0 0 2 1 2 1 0 2 1 0 0 3 0 1 2 2 3 0 3 3 2 1 2 3 3 1 1 1 2 0 0 0 2 2 3 0 2 1 2 0 1 2 0 2 1 3 2 1 2 3 2 0 1 0 0 0 2 3 1 0 0 1 2 2 1 2 1 2 3 3 2 0 0 0 0 1 1 1 3 2 1 2 1 2 0 2 0 0 1 2 2 0 0 1 3 3 0 1 0 0 1 2 0 0 0 3 1 3 0 1 0 0 0 0 0 0 3 2 2 3 3 1 2 2 3 0 1 3 2 0 0 1 1 2 0 0 0 3 0 0 3 0 0 1 2 1 3 0 1 0 1 1 3 2 3 0 0 0 0 1 2 1 0 1 3 2 2 1 0 2
1 48 173 102 5 6 1 6 1 100 130 48 48 130 48 0
0 3 3 1 3 3 1 3 3 0 0 3 3 0 0 3 3 2 3 0 3 3 2 3 0 0 1 2 0 3 3 0 0 3 0 0 3 2 0 1 2 0 2 3 0 0 2 0
3 3 3 0 3 3 1 3 3 0 0 3 3 0 0 3 3 2 3 0 3 3 2 3 3 0 1 2 0 3 3 0 3 3 0 0 3 2 0 1 2 0 2 3 0 0 2 0 2 2 0 1 3 0 3 0 2 1 2 2 0 3 0 3 0 0 3 2 0 3 0 0 3 3 2 2 0 0 3 2 1 3 2 1 2 3 2 1 1 1 0 3 0 3 2 0 3 1 0 1 0 3 1 0 1 3 2 0 2 3 1 1 0 0 3 1 1 1 1 0 1 0 0 3 2 1 1 0 0 2 1 2 3 3 0 0 3 0 3 1 0 0 1 0 0 0 1 1 1 0 0 0 2 1 3 1 2 3 3 3 3 3 3 0 3 0 3 2 1 3 0 3 0
1 49 174 101 5 6 1 6 1 100 145 49 49 145 49 0
3 2 3 0 2 1 3 2 2 1 2 2 1 3 3 2 1 1 2 1 3 2 0 3 2 3 1 0 3 0 1 0 1 1 0 1 2 1 2 2 2 0 0 0 3 0 1 1 2
2 2 3 0 2 1 3 2 2 1 2 2 1 3 3 2 1 1 2 1 3 2 0 3 2 3 1 0 3 0 1 0 1 1 0 1 2 1 2 2 2 0 0 0 3 0 1 1 2 3 3 1 0 1 3 3 1 0 3 3 2 0 3 0 0 3 2 1 2 2 3 3 2 2 0 0 0 1 2 1 2 0 1 1 2 0 2 2 0 0 0 3 1 2 3 0 1 2 2 1 0 2 0 3 2 1 2 1 1 1 0 2 3 2 3 2 1 2 2 3 1 0 3 0 0 0 2 3 1 2 0 3 2 2 3 3 3 1 2 0 1 0 2 1 0 1 2 1 0 2 0 2 0 2 0 1 0 0 1 1 1 0 2 3 1 0 3 0 1 3 3 0 1 2
1 50 175 85 5 6 1 6 1 100 130 50 50 130 50 0
0 3 2 1 2 0 2 0 1 2 2 1 3 3 0 0 1 0 3 2 1 1 3 2 3 3 2 3 0 0 0 1 3 2 3 2 0 2 1 1 0 0 0 2 1 2 3 3 2 3
1 3 2 1 2 0 2 0 1 2 2 1 3 3 0 0 1 0 3 2 1 1 3 2 3 3 2 3 0 0 0 1 3 2 3 2 0 2 1 1 0 0 0 2 1 2 3 3 2 3 3 3 0 0 1 1 0 0 2 2 3 2 2 2 2 0 1 3 1 2 3 2 2 0 0 3 3 2 3 3 2 3 1 3 2 0 0 3 0 3 2 2 3 3 3 2 3 3 3 3 3 2 2 1 2 0 0 0 0 3 1 2 3 3 0 1 1 2 3 3 2 3 2 1 3 0 2 1 2 0 3 3 2 1 2 2 1 2 0 3 3 2 1 1 2 1 1 0 3 3 0 3 3 2 3 1 0 0 3 2 3 3 2 1 3 1 0 0 1 2 3 0 0 3 0
1 50 175 90 5 6 1 6 1 100 125 50 50 125 50 0
2 2 1 2 1 0 2 3 2 0 1 0 3 3 2 3 3 3 0 1 2 2 3 3 3 3 0 3 3 3 3 0 3 3 1 1 0 1 2 0 1 1 0 2 2 1 2 3 2 1
1 1 1 2 1 0 2 3 2 0 1 0 3 3 2 3 3 3 0 1 2 2 3 3 3 3 0 3 3 3 3 3 3 3 1 1 0 1 2 0 1 1 0 2 2 1 2 3 2 1 0 1 3 1 0 3 1 2 2 0 3 0 0 3 0 0 0 1 2 0 1 1 2 1 0 3 3 2 2 1 3 2 1 0 2 3 2 2 0 2 0 3 3 2 3 3 0 1 1 3 1 3 3 2 3 2 0 3 2 1 3 2 2 3 2 3 3 0 1 0 1 0 2 1 3 0 0 0 3 3 2 3 2 3 3 2 1 0 1 3 1 1 1 3 2 3 3 2 1 1 2 2 0 2 3 3 0 1 0 2 3 2 1 3 1 1 0 2 0 1 3 3 1 0 0
1 51 176 89 5 6 1 6 1 100 120 51 51 120 51 0
1 0 3 1 1 1 3 0 1 1 0 2 2 0 0 0 0 0 0 2 0 0 0 1 0 3 3 3 1 1 0 0 0 0 1 0 0 0 0 0 0 1 3 1 0 1 0 2 3 0 0
0 0 3 1 0 1 3 0 1 1 0 2 2 0 0 0 0 0 0 1 0 0 0 1 0 3 3 3 1 1 0 0 0 0 1 0 0 0 3 0 0 1 3 1 0 1 0 2 3 0 0 3 3 0 0 1 0 3 1 0 3 1 0 2 2 2 3 3 0 3 3 3 3 3 0 3 0 2 3 2 0 2 2 0 3 0 0 3 1 1 3 2 0 3 2 0 3 2 1 2 1 0 1 1 2 3 2 1 3 3 3 1 0 3 1 3 0 3 1 2 0 0 1 2 1 0 0 0 0 0 3 1 0 3 3 1 3 1 3 0 0 2 3 0 0 0 3 2 0 0 3 2 2 0 3 3 2 1 0 3 2 1 2 3 3 3 1 0 1 3 1 0 0 3 3 2
1 51 176 99 5 6 1 6 1 100 145 51 51 145 51 0
3 1 2 3 2 0 0 0 1 3 2 0 1 3 1 3 3 3 0 3 2 0 1 3 2 2 0 1 2 2 2 3 2 1 2 3 3 2 0 3 3 2 1 2 1 3 3 3 2 1 2
2 1 2 3 2 0 0 0 1 3 2 0 1 3 1 3 3 3 0 3 2 0 1 3 2 2 0 1 2 2 2 3 2 1 2 3 3 2 0 3 3 2 1 2 1 3 3 3 2 1 2 2 1 0 3 2 3 3 2 0 3 1 0 3 3 2 3 3 2 1 2 2 2 1 3 2 2 2 2 2 1 2 1 0 1 2 3 0 2 2 0 0 1 0 3 0 0 0 3 1 1 0 3 3 3 3 0 3 1 0 0 3 0 0 2 0 3 0 0 2 0 2 2 0 0 2 3 2 3 1 0 2 1 3 2 0 1 0 0 0 0 2 2 3 0 3 3 1 3 0 3 3 3 1 0 3 1 3 3 3 3 2 3 1 0 0 1 1 0 3 3 1 0 1 0 2
1 52 177 98 5 6 1 6 1 100 145 52 52 145 52 0
2 2 2 0 3 1 2 1 2 3 1 2 1 0 3 1 0 3 1 2 1 2 0 1 0 1 3 0 1 0 0 2 2 2 2 0 2 3 0 0 0 0 0 0 3 2 0 1 1 0 3 3
1 2 2 0 3 1 2 1 2 3 1 2 1 0 3 1 0 3 1 2 1 2 0 1 0 1 3 0 1 0 0 2 2 2 2 0 2 3 0 0 0 0 0 0 3 2 0 1 1 0 3 3 3 1 2 2 0 2 3 3 2 1 3 0 1 0 0 3 0 3 3 2 1 0 3 2 2 1 0 0 0 0 1 1 0 2 2 1 2 1 0 2 0 0 1 0 2 0 2 1 2 3 2 1 0 3 0 0 3 2 0 1 3 2 2 0 0 0 2 1 2 0 1 2 1 0 2 0 3 1 0 0 0 2 3 2 2 0 0 2 0 3 2 3 0 1 3 2 3 3 3 2 1 2 0 3 2 2 3 2 0 0 0 2 0 0 2 3 0 2 0 0 0 0 3 1 2
1 53 178 82 5 6 1 6 1 100 120 53 53 120 53 0
0 1 3 3 3 1 1 0 2 1 1 2 0 1 2 0 0 1 0 1 2 1 3 1 0 0 2 2 1 0 1 2 3 1 2 3 3 2 2 2 2 0 0 0 2 3 1 1 1 0 1 0 1
3 1 3 3 3 1 1 0 2 1 1 2 0 1 2 1 0 1 0 1 2 1 3 1 0 0 2 2 1 0 1 2 2 1 2 3 3 2 2 2 2 0 0 0 2 3 1 1 1 0 1 0 1 2 3 3 3 0 2 0 0 0 2 1 3 1 2 0 1 2 3 3 0 2 0 0 0 3 0 1 2 1 1 1 0 3 1 1 3 3 3 3 2 1 0 0 1 3 1 0 3 3 0 0 2 0 0 3 2 3 3 0 1 2 0 3 1 2 0 3 0 1 2 2 3 1 2 0 2 0 3 1 3 3 3 2 1 1 0 2 2 2 1 2 1 3 3 1 3 3 2 1 3 0 3 1 3 0 1 1 0 3 3 0 3 3 0 3 3 2 3 1 3 1 3 1 3 2
1 55 180 85 5 6 1 6 1 100 135 55 55 135 55 0
1 0 2 0 1 2 1 2 2 3 3 0 0 0 2 1 2 2 2 1 0 3 1 0 0 0 2 1 2 3 3 2 1 0 0 2 0 0 2 1 3 3 1 3 2 2 3 3 3 1 0 3 1 1 2
0 0 2 0 1 2 1 2 2 3 3 0 0 0 2 1 2 2 2 1 0 3 1 0 0 0 2 1 2 3 3 2 1 0 0 2 0 0 2 1 3 3 1 3 2 2 3 3 3 1 0 3 1 1 2 1 0 2 1 1 3 2 1 3 2 2 2 2 0 0 0 2 1 2 0 3 2 1 2 1 1 3 2 1 2 3 0 3 1 2 3 2 1 1 2 2 0 0 1 3 2 0 1 1 3 3 1 3 3 1 3 0 1 2 0 1 0 0 1 3 1 3 1 3 2 2 3 3 2 0 0 2 2 2 0 3 2 1 2 1 0 3 2 3 1 0 0 0 1 1 3 2 2 3 2 0 1 1 0 2 1 2 3 2 2 3 1 0 0 0 1 0 3 2 0 1 2 0 0 2
1 56 181 94 5 6 1 6 1 100 141 52 52 140 56 0
2 2 2 1 0 0 1 3 2 3 2 1 0 1 3 2 2 2 3 1 1 2 2 0 3 2 2 1 1 1 2 3 0 1 0 3 3 3 3 1 2 0 1 1 1 2 2 1 1 3 2 1 0 0 1 3
1 2 2 1 0 0 1 3 2 3 2 1 0 1 3 2 2 2 3 1 1 2 2 0 3 2 2 1 1 1 2 3 0 1 0 3 3 3 3 1 2 0 1 1 1 2 2 1 1 3 2 1 3 0 1 3 2 2 2 2 3 2 0 1 1 2 0 2 0 2 3 2 1 2 0 1 1 3 2 2 1 2 0 3 2 3 3 0 1 1 2 1 3 2 1 0 3 0 1 3 2 0 0 1 0 2 1 1 2 1 1 0 1 0 0 0 3 1 3 0 3 2 0 1 2 2 1 3 0 3 1 0 2 3 1 0 2 3 0 3 1 1 1 1 2 1 3 0 1 1 3 2 1 1 2 0 3 3 3 1 1 3 3 2 0 0 1 2 3 1 0 0 1 1 2 2 3 3 3 0 1
1 57 182 88 5 6 1 6 1 100 140 57 57 140 57 0
0 3 1 3 1 2 1 2 2 2 2 2 0 2 3 3 3 3 1 3 2 3 3 0 3 3 3 1 0 1 1 2 1 3 3 1 0 3 3 1 0 0 1 0 1 2 1 3 0 3 1 0 0 0 1 3 3
3 3 1 3 1 2 1 2 2 2 2 2 0 2 3 3 3 3 1 3 2 3 3 0 3 3 3 1 0 1 1 2 1 3 3 1 0 3 3 1 0 0 1 0 1 2 1 3 0 3 1 0 0 0 1 3 3 0 3 1 1 0 3 1 2 2 2 1 0 2 0 0 0 1 1 0 3 1 0 2 1 2 3 1 3 0 3 1 2 2 2 1 0 0 1 1 2 1 3 3 0 0 3 3 1 1 0 2 1 2 3 1 0 1 0 1 2 1 3 2 1 2 1 0 2 2 3 2 1 1 3 2 1 0 2 2 2 3 3 0 0 1 2 1 0 3 1 2 2 1 0 3 3 0 1 2 3 0 0 1 3 2 3 3 1 1 2 1 0 1 3 1 3 2 0 3 0 1 0 1 0 3
1 57 182 93 5 6 1 6 1 100 145 57 57 145 57 0
2 2 2 1 3 1 0 2 2 2 0 0 2 0 1 0 1 3 2 3 0 1 3 2 2 0 2 2 1 3 2 3 1 2 0 2 2 3 0 3 0 0 3 1 2 3 1 0 0 3 0 0 0 3 0 0 0
1 2 2 1 3 1 0 2 2 2 0 0 2 0 1 0 1 3 2 3 0 1 3 2 2 0 2 2 1 3 2 3 1 2 0 2 2 3 0 3 0 0 3 1 2 3 1 0 0 3 0 0 0 3 0 0 0 1 1 2 2 2 3 2 1 1 2 3 0 3 3 1 0 2 1 1 0 1 2 2 3 2 3 2 2 3 3 2 2 3 0 1 2 2 2 0 3 0 2 3 1 0 3 0 1 0 1 3 2 0 1 0 3 0 3 0 0 3 1 1 1 3 2 1 2 1 0 1 0 1 3 1 3 1 0 1 1 0 2 3 2 0 1 0 0 3 0 0 1 0 0 3 1 2 3 0 3 1 0 3 0 3 0 0 1 2 2 3 2 1 3 1 1 1 2 2 1 3 2 2 0 3
1 59 184 91 5 6 1 6 1 100 145 59 59 145 59 0
0 2 3 2 1 2 3 2 2 0 1 3 2 2 0 2 1 3 2 3 3 2 0 1 1 3 3 3 2 1 3 2 0 0 1 0 2 2 0 3 0 1 1 3 2 1 3 2 1 2 2 0 3 3 3 2 2 1 2
3 2 3 2 1 2 3 2 2 0 1 3 2 2 0 2 1 3 2 3 3 2 0 1 1 3 3 3 2 1 3 2 0 0 1 0 2 2 0 3 0 1 1 3 2 1 3 2 1 2 2 0 3 3 3 2 2 1 2 2 1 0 1 2 3 3 1 3 1 2 2 3 1 0 0 0 0 3 2 2 1 1 2 0 0 0 3 0 3 1 1 2 2 1 2 0 2 0 3 2 2 3 2 0 0 0 2 0 0 0 0 2 2 3 3 2 1 2 1 0 1 1 3 2 0 3 2 2 0 0 2 3 1 1 2 1 1 1 3 2 0 2 3 0 3 3 3 0 0 3 3 2 2 3 2 1 3 2 0 1 2 3 2 0 2 3 3 2 1 1 3 2 1 3 0 0 0 1 0 3 1 0 2 3
1 60 185 85 5 6 1 6 1 100 130 60 60 130 60 0
0 0 1 3 2 0 1 3 3 0 1 2 3 1 0 0 3 3 2 2 1 2 2 1 0 2 1 0 3 3 3 1 2 0 1 0 0 3 1 0 2 1 0 2 0 1 1 2 3 3 2 3 2 1 0 2 3 1 2 0
3 0 1 3 2 0 1 3 2 0 1 2 3 1 0 0 3 3 2 2 1 2 2 1 0 2 1 0 3 3 3 1 2 0 1 0 0 3 1 0 1 1 0 2 0 1 1 2 3 3 2 3 2 1 0 2 3 1 2 0 3 3 0 0 2 0 3 3 0 0 3 1 3 3 0 3 3 1 2 0 0 2 3 3 2 3 0 2 0 2 0 1 2 1 0 1 0 1 2 2 2 0 0 3 0 0 3 1 2 2 2 0 1 2 1 1 1 2 1 1 2 1 0 0 3 3 2 1 1 2 1 2 3 2 0 0 0 3 2 1 3 1 1 0 2 3 1 3 3 2 0 0 1 2 2 3 0 2 1 0 2 2 1 1 2 1 2 0 1 1 0 1 2 2 1 3 2 1 2 2 2 3 3 1 1
1 61 186 84 5 6 1 6 1 100 140 61 61 140 61 0
0 1 1 1 0 0 2 3 2 3 1 0 3 2 2 0 3 0 2 1 1 3 2 0 1 3 2 1 1 2 2 3 0 1 2 0 3 3 0 1 1 2 3 3 2 3 3 3 3 1 3 1 3 3 1 0 0 3 2 0 3
3 1 1 1 0 0 2 3 2 3 1 0 3 2 2 0 3 0 2 1 1 3 2 0 1 3 2 1 1 2 2 3 0 1 2 0 3 3 0 1 1 2 3 3 2 3 3 3 3 1 3 1 3 3 1 0 0 3 2 0 3 3 2 1 0 1 3 2 0 3 2 1 2 3 1 1 2 1 3 2 0 0 0 3 1 2 1 3 2 0 1 1 0 0 1 2 3 3 0 0 1 2 1 1 1 0 2 3 3 1 1 0 2 1 2 1 2 2 3 0 3 2 2 1 2 2 1 3 3 2 3 1 0 2 0 1 2 1 3 2 3 3 3 0 1 1 0 3 3 1 3 2 2 0 1 0 2 3 2 0 2 1 0 2 2 0 2 0 0 0 2 0 3 2 0 0 2 2 3 0 0 2 1 2 1 2
1 62 187 88 5 6 1 6 1 100 140 62 62 140 62 0
0 0 2 2 1 0 1 2 3 1 2 0 3 0 0 2 1 0 1 2 3 1 2 1 1 1 2 3 1 1 1 2 3 3 3 0 1 1 3 2 0 3 0 2 3 3 0 1 2 2 1 1 3 0 3 1 1 0 2 2 3 2
3 0 2 2 1 0 1 2 3 1 2 0 3 0 0 2 1 0 1 2 3 1 2 1 1 1 2 3 1 1 1 2 3 3 3 0 1 1 3 2 0 3 0 2 3 3 0 1 2 2 1 1 3 3 3 1 1 0 2 2 3 2 3 0 2 3 1 0 1 1 1 2 1 2 1 1 2 0 1 0 0 1 1 0 2 1 2 3 0 3 1 2 0 1 2 1 3 2 0 3 0 3 0 3 1 1 1 3 1 1 2 1 2 0 2 1 2 3 1 2 1 0 2 1 0 2 2 0 0 3 0 3 1 1 2 3 0 3 1 2 0 0 0 0 3 2 0 3 2 2 3 0 1 1 3 1 1 0 3 3 1 0 3 2 2 1 1 0 2 3 1 1 0 1 1 0 0 3 2 2 0 3 3 2 1 3 1
1 63 188 82 5 6 1 6 1 100 135 63 63 135 63 0
0 3 2 2 1 1 2 2 3 0 0 3 0 2 1 0 0 0 1 0 2 1 1 1 2 3 3 2 1 3 2 2 1 2 0 0 1 2 2 1 3 1 2 1 2 2 2 3 2 0 0 0 3 1 0 0 3 1 3 3 1 1 0
3 2 2 2 1 1 2 2 3 0 0 3 0 2 1 0 0 0 1 0 2 1 1 1 2 3 3 2 1 3 2 2 1 2 0 0 1 2 2 1 3 1 2 1 2 2 2 3 2 0 0 0 3 1 0 0 3 1 3 3 1 1 0 3 3 1 2 1 1 3 3 3 3 0 0 3 2 0 2 3 3 1 0 2 2 3 3 3 3 3 1 0 2 2 1 2 1 0 2 2 1 3 2 0 2 0 0 3 3 3 3 1 0 3 2 1 3 3 1 2 3 2 3 3 1 3 1 1 2 2 1 2 0 2 2 2 3 0 3 2 1 0 0 1 2 3 1 2 3 2 2 3 2 0 0 0 0 2 0 3 2 1 3 2 1 0 2 0 1 2 3 3 2 1 3 2 1 3 2 1 2 0 3 3 1 0 3 1
1 64 189 81 5 6 1 6 1 100 135 64 64 135 64 0
1 2 1 3 3 0 2 3 1 0 3 1 1 2 3 3 2 3 1 3 1 1 2 2 2 3 2 3 1 2 1 2 3 2 1 2 1 0 2 3 3 2 1 0 1 2 3 1 0 3 3 1 3 1 0 2 0 1 2 0 0 1 1 2
0 2 1 3 3 0 2 3 1 0 2 1 1 2 3 3 2 3 1 3 1 1 2 2 2 3 2 3 1 2 1 2 3 2 1 2 1 0 2 3 3 2 1 0 1 2 3 1 0 3 3 1 3 1 0 2 0 1 2 0 0 1 1 2 0 3 2 0 1 3 2 2 0 3 2 2 0 3 2 2 1 1 2 1 1 2 1 0 2 3 1 2 3 1 0 1 0 1 3 2 0 3 2 0 3 0 1 2 2 0 3 2 3 2 1 3 3 1 3 1 1 2 3 0 3 0 1 0 1 1 0 3 2 3 3 0 3 1 2 2 0 2 0 2 1 3 2 1 1 0 0 1 2 3 0 3 2 2 3 3 0 3 1 2 3 1 2 2 2 3 0 3 2 2 2 1 2 1 3 2 1 3 3 1 2 1 0 2 0
1 64 189 81 5 6 1 6 1 100 135 64 64 135 64 0
1 2 1 3 3 0 2 3 1 0 3 1 1 2 3 3 2 3 1 3 1 1 2 2 2 3 2 3 1 2 1 2 3 2 1 2 1 0 2 3 3 2 1 0 1 2 3 1 0 3 3 1 3 1 0 2 0 1 2 0 0 1 1 2
0 2 1 3 3 0 2 3 1 0 2 1 1 2 3 3 2 3 1 3 1 1 2 2 2 3 2 3 1 2 1 2 3 2 1 2 1 0 2 3 3 2 1 0 1 2 3 1 0 3 3 1 3 1 0 2 0 1 2 0 0 1 1 2 0 3 2 0 1 3 2 2 0 3 2 2 0 3 2 2 1 1 2 1 1 2 1 0 2 3 1 2 3 1 0 1 0 1 3 2 0 3 2 0 3 0 1 2 2 0 3 2 3 2 1 3 3 1 3 1 1 2 3 0 3 0 1 0 1 1 0 3 2 3 3 0 3 1 2 2 0 2 0 2 1 3 2 1 1 0 0 1 2 3 0 3 2 2 3 3 0 3 1 2 3 1 2 2 2 3 0 3 2 2 2 1 2 1 3 2 1 3 3 1 2 1 0 2 0
1 6 7 68 5 6 1 6 1 100 69 6 6 69 6 0
1 3 2 1 2 2
0 3 2 1 2 2 1
1 30 76 41 5 6 1 6 1 100 41 0 0 4 7 0
3 0 3 1 2 0 1 2 0 3 2 0 3 3 0 0 1 1 2 1 2 1 1 0 1 2 1 3 3 3
0 0 0 1 1 0 1 0 1 0 2 0 3 1 0 3 2 0 3 2 3 3 0 3 2 3 2 1 2 3 3 3 0 3 2 0 1 1 2 0 0 3 2 1 2 2 0 1 1 0 1 0 3 3 1 0 1 0 3 1 0 3 3 3 1 3 3 0 1 2 1 2 1 2 3 0
1 19 88 106 5 6 1 6 1 100 115 19 19 115 19 0
1 1 3 1 1 0 0 1 2 0 3 2 0 3 0 0 0 2 0
0 1 2 1 1 0 0 1 2 0 3 2 0 3 0 0 0 2 0 1 0 0 3 0 0 1 3 2 3 1 2 3 2 0 1 3 3 3 2 0 3 1 0 2 3 2 0 2 0 0 1 1 0 2 3 0 3 3 1 1 2 1 3 3 1 0 1 1 0 0 0 2 1 1 0 1 2 0 0 1 3 2 0 2 0 3 2 3
1 8 100 117 5 6 1 6 1 100 117 0 0 115 8 0
3 1 1 0 0 1 1 2
2 1 1 0 3 1 1 2 2 1 2 2 2 2 0 0 3 1 0 2 3 3 3 2 3 2 2 0 0 3 0 1 3 3 3 2 2 3 2 0 2 2 1 2 1 3 2 3 3 1 1 2 3 2 1 1 2 0 1 3 3 2 3 2 1 0 0 1 2 1 1 2 0 1 2 3 0 2 1 2 0 3 2 2 2 1 2 0 3 1 3 2 1 3 2 0 3 3 1 0
1 27 114 91 5 6 1 6 1 100 113 27 27 113 27 0
2 1 0 2 2 3 2 0 0 3 1 2 1 2 2 0 1 0 3 2 1 1 2 2 3 0 3
1 1 0 2 2 3 2 0 0 3 1 2 1 2 2 0 1 0 3 2 1 1 2 2 3 0 3 3 0 2 3 0 0 2 3 0 1 3 2 1 0 1 1 0 2 1 0 1 1 0 1 1 3 3 1 1 0 2 3 3 1 3 2 1 1 0 2 1 2 1 0 1 2 1 3 2 0 0 1 1 0 1 0 3 1 2 1 2 1 2 3 3 2 2 2 3 3 2 1 1 2 1 2 0 1 2 1 2 0 2 3 0 0 3
1 28 125 87 5 6 1 6 1 100 100 28 28 100 28 0
0 3 1 1 1 2 0 2 1 3 2 2 2 3 2 1 1 3 0 3 3 3 2 0 3 3 2 2
3 3 1 0 1 2 0 2 1 3 2 2 2 3 2 0 1 3 0 3 3 3 2 0 3 3 2 2 3 1 0 2 2 0 3 1 1 0 3 1 2 1 2 1 0 3 1 0 0 3 2 0 1 3 3 0 3 2 2 1 0 0 2 3 2 0 3 2 3 0 3 1 2 1 2 1 1 2 2 0 3 3 1 3 0 3 1 2 1 2 2 1 2 2 3 1 1 2 0 3 1 1 3 2 0 3 2 0 2 1 2 1 1 0 3 1 2 1 1 2 2 2 0 3 3
0 8 11 142 5 6 1 6 1 100 145 8 8 145 8 0
1 3 2 0 2 1 3 0
0 3 2 0 2 1 3 0 3 3 0
