20
0 2 3 148 5 6 1 6 1 100 148 0 0 145 2 0
1 0
0 0 3
0 3 4 147 5 6 1 6 1 100 147 0 0 145 3 0
1 1 2
0 1 2 3
0 13 21 137 5 6 1 6 1 100 145 13 13 145 13 0
3 3 3 2 1 2 1 1 0 1 2 0 1
2 3 3 2 1 2 1 1 0 1 2 0 1 1 3 1 3 3 1 3 0
0 19 33 122 5 6 1 6 1 100 136 19 19 136 19 0
0 3 0 3 1 2 1 3 0 0 3 3 3 3 0 2 2 2 0
3 3 0 3 1 2 1 3 0 0 3 3 3 3 0 2 2 2 0 3 0 0 0 0 0 2 3 1 0 2 1 3 0
0 21 37 120 5 6 1 6 1 100 136 21 21 136 21 0
1 3 3 3 2 1 1 0 1 2 1 2 2 3 1 2 1 1 1 2 0
0 3 3 3 2 1 1 0 1 2 1 2 2 3 1 2 1 1 1 2 0 3 0 3 3 3 0 0 0 2 1 3 1 3 1 0 0
0 23 41 127 5 6 1 6 1 100 145 23 23 145 23 0
3 0 1 2 2 2 3 1 3 2 1 3 2 2 3 1 2 3 2 0 0 0 3
2 0 1 2 2 2 3 1 3 2 1 3 2 2 3 1 2 3 2 0 0 0 3 0 2 1 0 2 1 2 2 3 0 1 2 0 2 3 2 1 3
0 25 45 125 5 6 1 6 1 100 145 25 25 145 25 0
0 0 1 1 3 3 3 3 1 3 3 3 2 0 1 1 1 3 2 0 1 3 1 2 1
3 0 1 1 3 3 3 3 1 3 3 3 2 0 1 1 1 3 2 0 1 3 1 2 1 2 3 2 0 2 3 2 2 1 2 1 2 0 1 1 0 3 0 0 3
0 28 51 113 5 6 1 6 1 100 136 28 28 136 28 0
1 3 2 2 3 1 0 2 3 1 0 0 1 2 3 1 2 3 3 0 0 3 3 3 2 1 1 0
0 3 2 2 3 1 0 2 3 1 0 0 1 2 3 1 2 3 3 0 0 3 3 3 2 1 1 0 3 3 3 3 1 2 1 1 2 3 0 2 0 0 3 3 1 2 2 3 1 1 0
0 31 57 111 5 6 1 6 1 100 137 31 31 137 31 0
1 0 2 2 2 1 2 2 1 1 0 1 2 0 1 1 0 1 2 3 1 3 0 1 2 0 2 1 3 2 2
0 0 2 2 2 1 2 2 1 1 0 1 2 0 1 1 0 1 2 3 1 3 0 1 2 0 2 1 3 2 2 1 1 2 0 1 1 3 3 3 1 0 1 3 3 3 0 2 2 0 1 1 2 0 1 3 2
0 35 65 109 5 6 1 6 1 100 139 35 35 139 35 0
1 3 3 2 0 3 0 2 0 0 1 2 2 1 2 2 1 3 0 2 3 1 1 0 3 2 2 2 1 2 0 0 0 2 1
0 3 3 2 0 3 0 2 0 0 1 2 2 1 2 2 1 3 0 2 3 1 1 0 3 2 2 2 1 2 0 0 0 2 1 0 1 2 0 1 2 2 3 2 3 3 2 3 0 2 2 0 0 2 0 1 1 2 1 0 3 3 0 1 3
0 38 71 112 5 6 1 6 1 100 145 38 38 145 38 0
2 2 0 1 3 0 0 2 2 1 1 1 1 2 2 1 3 3 3 2 1 1 2 0 0 3 3 0 0 0 3 2 3 0 1 2 2 3
1 2 0 1 3 0 0 2 2 1 1 1 1 2 2 1 3 3 3 2 1 1 2 0 0 3 3 0 0 0 3 2 3 0 1 2 2 3 0 2 0 3 0 2 0 1 1 3 3 0 2 3 1 3 0 3 2 1 2 2 3 1 0 2 0 2 1 2 1 2 1
0 39 73 111 5 6 1 6 1 100 143 37 37 140 39 0
3 1 2 0 1 3 3 1 0 3 1 1 0 2 2 2 3 3 1 1 1 0 3 0 1 1 2 0 1 0 0 2 1 2 2 3 0 1 0
1 1 2 0 1 3 3 1 0 3 1 1 0 2 2 2 3 3 1 1 1 0 3 0 1 1 2 0 1 0 0 2 1 2 2 3 0 0 0 3 3 3 1 0 1 1 0 3 2 1 2 1 3 1 2 0 1 1 1 0 0 0 3 1 3 3 2 1 0 2 1 0 1
0 40 75 110 5 6 1 6 1 100 145 40 40 145 40 0
1 3 3 1 0 2 0 1 1 2 1 3 2 3 2 0 2 0 1 3 1 0 1 2 2 3 0 0 0 2 2 3 3 3 2 3 1 1 0 2
0 3 3 1 0 2 0 1 1 2 1 3 2 3 2 0 2 0 1 3 1 0 1 2 2 3 0 0 0 2 2 3 3 3 2 3 1 1 0 2 0 3 2 1 1 0 3 3 2 1 2 0 3 3 0 2 0 1 0 3 2 3 3 0 3 3 3 3 0 2 0 0 2 1 3
0 46 87 104 5 6 1 6 1 100 142 43 43 140 46 0
2 1 3 2 1 2 2 3 1 2 1 3 3 3 3 0 0 3 0 2 1 3 2 1 3 0 1 2 0 1 0 3 1 2 0 2 1 2 3 0 2 2 1 3 1 3
1 1 3 2 1 2 2 3 1 2 1 3 3 3 3 0 0 3 0 2 1 3 2 1 3 0 1 2 0 1 0 3 1 2 0 2 1 2 3 0 2 2 1 2 1 3 1 2 3 1 1 0 3 1 1 2 1 3 2 1 3 0 3 3 3 1 0 2 3 0 2 2 0 2 1 1 2 2 0 2 0 2 0 1 1 0 1
0 50 95 100 5 6 1 6 1 100 135 50 50 135 50 0
1 1 2 2 1 3 0 3 3 1 3 0 1 1 2 2 2 0 0 3 0 3 2 2 1 1 0 0 3 3 3 3 3 2 1 0 1 1 2 3 3 2 0 1 3 1 2 1 2 1
0 1 2 2 1 3 0 3 3 1 3 0 1 1 2 2 2 0 0 3 0 2 2 2 1 1 0 0 3 3 3 3 3 2 1 0 1 1 2 3 3 2 3 1 3 1 2 1 2 1 3 3 1 2 2 2 0 1 2 0 1 2 1 2 3 3 1 2 2 1 1 3 3 0 1 1 3 0 1 3 3 3 3 0 2 3 3 1 2 0 0 2 2 3 1
0 52 99 98 5 6 1 6 1 100 145 52 52 145 52 0
3 2 0 1 0 2 2 1 0 2 1 3 0 3 0 2 1 1 0 0 1 2 3 1 1 0 2 0 1 1 0 0 1 2 2 0 1 3 1 2 1 3 2 0 1 1 1 2 2 3 0 2
2 2 0 1 0 2 2 1 0 2 1 3 0 3 0 2 1 1 0 0 1 2 3 1 1 0 2 0 1 1 0 0 1 2 2 0 1 3 1 2 1 3 2 0 1 1 1 2 2 3 0 2 3 0 0 1 1 1 2 0 1 1 3 1 3 2 3 0 0 1 2 0 0 0 1 2 1 1 0 3 1 1 0 2 1 1 2 0 0 0 3 0 2 3 1 2 3 1 0
0 55 105 95 5 6 1 6 1 100 125 55 55 125 55 0
0 0 3 3 2 0 1 1 2 3 3 2 2 3 1 2 1 3 0 0 2 3 0 2 0 0 0 0 1 2 0 1 1 3 2 2 1 0 3 1 2 0 1 3 0 0 0 3 3 3 2 3 0 2 3
3 3 3 3 2 0 1 1 2 3 3 2 2 3 1 2 1 3 0 0 2 3 0 2 0 0 0 0 1 1 0 1 1 3 1 2 1 0 3 1 2 0 1 3 0 0 3 3 3 3 2 3 0 2 3 2 3 3 0 2 3 0 2 3 1 1 3 3 3 0 0 2 1 3 2 1 2 2 0 0 2 3 0 3 3 3 3 1 1 2 3 0 0 3 2 1 2 0 2 3 3 1 3 0 0
0 57 109 77 5 6 1 6 1 100 129 57 57 129 57 0
0 1 0 0 2 3 3 0 0 0 1 2 2 3 0 2 1 2 3 1 3 2 1 1 0 3 3 2 3 3 0 2 3 1 2 2 3 2 0 0 1 2 0 2 0 1 2 0 1 3 3 0 3 0 0 2 3
3 1 0 0 2 3 3 0 0 0 1 2 2 3 0 2 1 2 3 1 3 2 1 1 0 3 3 2 3 3 0 2 3 1 2 2 3 2 0 0 1 2 0 2 0 1 2 0 1 3 3 0 3 0 0 2 3 0 2 0 0 2 2 1 1 0 3 3 0 1 3 0 1 0 0 3 1 2 3 3 0 3 1 2 3 2 3 0 1 1 2 2 2 1 2 0 1 2 0 0 2 2 3 1 2 1 0 0 0
0 58 111 87 5 6 1 6 1 100 135 58 58 135 58 0
0 1 0 1 3 0 1 3 2 3 0 0 0 2 0 1 3 2 1 1 3 1 0 0 3 3 3 0 3 2 2 1 0 0 2 3 3 0 1 2 1 0 3 1 3 0 3 0 2 3 1 0 3 0 2 0 3 3
3 1 0 1 3 0 1 3 2 3 0 0 0 2 0 1 3 2 1 1 2 1 0 0 3 3 3 0 3 2 2 1 0 0 2 3 3 0 1 2 1 0 3 1 3 0 3 0 2 3 1 0 3 0 2 0 3 3 3 1 2 2 1 0 2 1 3 0 0 1 0 2 3 0 0 2 0 3 2 2 1 3 0 3 0 0 3 3 0 3 3 2 0 1 3 0 0 2 3 1 3 1 1 2 0 1 0 3 3 0 1
0 58 111 92 5 6 1 6 1 100 140 58 58 140 58 0
1 3 2 2 0 1 0 2 2 1 1 1 1 2 1 0 3 3 0 0 0 2 1 0 2 3 2 3 0 0 3 3 0 3 3 0 2 3 2 2 3 2 0 1 3 1 1 3 2 1 1 0 3 0 0 3 2 1
0 3 2 2 0 1 0 2 2 1 1 1 1 2 1 0 3 3 0 0 0 2 1 0 2 3 2 3 0 0 3 3 3 3 3 0 2 3 2 2 3 2 0 1 3 1 1 3 2 1 1 0 3 0 0 3 2 1 1 1 2 2 0 0 1 1 1 1 3 0 1 2 2 3 2 2 2 0 2 3 3 0 1 1 3 2 1 0 1 3 1 2 0 0 0 2 2 1 0 1 1 2 2 0 2 0 0 3 0 0 0
