200
0 2 3 148 5 6 1 6 1 100 148 0 0 145 2 0
1 0
0 0 3
0 3 4 147 5 6 1 6 1 100 147 0 0 145 3 0
1 1 2
0 1 2 3
0 13 21 137 5 6 1 6 1 100 145 13 13 145 13 0
3 3 3 2 1 2 1 1 0 1 2 0 1
2 3 3 2 1 2 1 1 0 1 2 0 1 1 3 1 3 3 1 3 0
0 19 33 122 5 6 1 6 1 100 136 19 19 136 19 0
0 3 0 3 1 2 1 3 0 0 3 3 3 3 0 2 2 2 0
3 3 0 3 1 2 1 3 0 0 3 3 3 3 0 2 2 2 0 3 0 0 0 0 0 2 3 1 0 2 1 3 0
0 21 37 120 5 6 1 6 1 100 136 21 21 136 21 0
1 3 3 3 2 1 1 0 1 2 1 2 2 3 1 2 1 1 1 2 0
0 3 3 3 2 1 1 0 1 2 1 2 2 3 1 2 1 1 1 2 0 3 0 3 3 3 0 0 0 2 1 3 1 3 1 0 0
0 23 41 127 5 6 1 6 1 100 145 23 23 145 23 0
3 0 1 2 2 2 3 1 3 2 1 3 2 2 3 1 2 3 2 0 0 0 3
2 0 1 2 2 2 3 1 3 2 1 3 2 2 3 1 2 3 2 0 0 0 3 0 2 1 0 2 1 2 2 3 0 1 2 0 2 3 2 1 3
0 25 45 125 5 6 1 6 1 100 145 25 25 145 25 0
0 0 1 1 3 3 3 3 1 3 3 3 2 0 1 1 1 3 2 0 1 3 1 2 1
3 0 1 1 3 3 3 3 1 3 3 3 2 0 1 1 1 3 2 0 1 3 1 2 1 2 3 2 0 2 3 2 2 1 2 1 2 0 1 1 0 3 0 0 3
0 28 51 113 5 6 1 6 1 100 136 28 28 136 28 0
1 3 2 2 3 1 0 2 3 1 0 0 1 2 3 1 2 3 3 0 0 3 3 3 2 1 1 0
0 3 2 2 3 1 0 2 3 1 0 0 1 2 3 1 2 3 3 0 0 3 3 3 2 1 1 0 3 3 3 3 1 2 1 1 2 3 0 2 0 0 3 3 1 2 2 3 1 1 0
0 31 57 111 5 6 1 6 1 100 137 31 31 137 31 0
1 0 2 2 2 1 2 2 1 1 0 1 2 0 1 1 0 1 2 3 1 3 0 1 2 0 2 1 3 2 2
0 0 2 2 2 1 2 2 1 1 0 1 2 0 1 1 0 1 2 3 1 3 0 1 2 0 2 1 3 2 2 1 1 2 0 1 1 3 3 3 1 0 1 3 3 3 0 2 2 0 1 1 2 0 1 3 2
0 35 65 109 5 6 1 6 1 100 139 35 35 139 35 0
1 3 3 2 0 3 0 2 0 0 1 2 2 1 2 2 1 3 0 2 3 1 1 0 3 2 2 2 1 2 0 0 0 2 1
0 3 3 2 0 3 0 2 0 0 1 2 2 1 2 2 1 3 0 2 3 1 1 0 3 2 2 2 1 2 0 0 0 2 1 0 1 2 0 1 2 2 3 2 3 3 2 3 0 2 2 0 0 2 0 1 1 2 1 0 3 3 0 1 3
0 38 71 112 5 6 1 6 1 100 145 38 38 145 38 0
2 2 0 1 3 0 0 2 2 1 1 1 1 2 2 1 3 3 3 2 1 1 2 0 0 3 3 0 0 0 3 2 3 0 1 2 2 3
1 2 0 1 3 0 0 2 2 1 1 1 1 2 2 1 3 3 3 2 1 1 2 0 0 3 3 0 0 0 3 2 3 0 1 2 2 3 0 2 0 3 0 2 0 1 1 3 3 0 2 3 1 3 0 3 2 1 2 2 3 1 0 2 0 2 1 2 1 2 1
0 39 73 111 5 6 1 6 1 100 143 37 37 140 39 0
3 1 2 0 1 3 3 1 0 3 1 1 0 2 2 2 3 3 1 1 1 0 3 0 1 1 2 0 1 0 0 2 1 2 2 3 0 1 0
1 1 2 0 1 3 3 1 0 3 1 1 0 2 2 2 3 3 1 1 1 0 3 0 1 1 2 0 1 0 0 2 1 2 2 3 0 0 0 3 3 3 1 0 1 1 0 3 2 1 2 1 3 1 2 0 1 1 1 0 0 0 3 1 3 3 2 1 0 2 1 0 1
0 40 75 110 5 6 1 6 1 100 145 40 40 145 40 0
1 3 3 1 0 2 0 1 1 2 1 3 2 3 2 0 2 0 1 3 1 0 1 2 2 3 0 0 0 2 2 3 3 3 2 3 1 1 0 2
0 3 3 1 0 2 0 1 1 2 1 3 2 3 2 0 2 0 1 3 1 0 1 2 2 3 0 0 0 2 2 3 3 3 2 3 1 1 0 2 0 3 2 1 1 0 3 3 2 1 2 0 3 3 0 2 0 1 0 3 2 3 3 0 3 3 3 3 0 2 0 0 2 1 3
0 46 87 104 5 6 1 6 1 100 142 43 43 140 46 0
2 1 3 2 1 2 2 3 1 2 1 3 3 3 3 0 0 3 0 2 1 3 2 1 3 0 1 2 0 1 0 3 1 2 0 2 1 2 3 0 2 2 1 3 1 3
1 1 3 2 1 2 2 3 1 2 1 3 3 3 3 0 0 3 0 2 1 3 2 1 3 0 1 2 0 1 0 3 1 2 0 2 1 2 3 0 2 2 1 2 1 3 1 2 3 1 1 0 3 1 1 2 1 3 2 1 3 0 3 3 3 1 0 2 3 0 2 2 0 2 1 1 2 2 0 2 0 2 0 1 1 0 1
0 50 95 100 5 6 1 6 1 100 135 50 50 135 50 0
1 1 2 2 1 3 0 3 3 1 3 0 1 1 2 2 2 0 0 3 0 3 2 2 1 1 0 0 3 3 3 3 3 2 1 0 1 1 2 3 3 2 0 1 3 1 2 1 2 1
0 1 2 2 1 3 0 3 3 1 3 0 1 1 2 2 2 0 0 3 0 2 2 2 1 1 0 0 3 3 3 3 3 2 1 0 1 1 2 3 3 2 3 1 3 1 2 1 2 1 3 3 1 2 2 2 0 1 2 0 1 2 1 2 3 3 1 2 2 1 1 3 3 0 1 1 3 0 1 3 3 3 3 0 2 3 3 1 2 0 0 2 2 3 1
0 52 99 98 5 6 1 6 1 100 145 52 52 145 52 0
3 2 0 1 0 2 2 1 0 2 1 3 0 3 0 2 1 1 0 0 1 2 3 1 1 0 2 0 1 1 0 0 1 2 2 0 1 3 1 2 1 3 2 0 1 1 1 2 2 3 0 2
2 2 0 1 0 2 2 1 0 2 1 3 0 3 0 2 1 1 0 0 1 2 3 1 1 0 2 0 1 1 0 0 1 2 2 0 1 3 1 2 1 3 2 0 1 1 1 2 2 3 0 2 3 0 0 1 1 1 2 0 1 1 3 1 3 2 3 0 0 1 2 0 0 0 1 2 1 1 0 3 1 1 0 2 1 1 2 0 0 0 3 0 2 3 1 2 3 1 0
0 55 105 95 5 6 1 6 1 100 125 55 55 125 55 0
0 0 3 3 2 0 1 1 2 3 3 2 2 3 1 2 1 3 0 0 2 3 0 2 0 0 0 0 1 2 0 1 1 3 2 2 1 0 3 1 2 0 1 3 0 0 0 3 3 3 2 3 0 2 3
3 3 3 3 2 0 1 1 2 3 3 2 2 3 1 2 1 3 0 0 2 3 0 2 0 0 0 0 1 1 0 1 1 3 1 2 1 0 3 1 2 0 1 3 0 0 3 3 3 3 2 3 0 2 3 2 3 3 0 2 3 0 2 3 1 1 3 3 3 0 0 2 1 3 2 1 2 2 0 0 2 3 0 3 3 3 3 1 1 2 3 0 0 3 2 1 2 0 2 3 3 1 3 0 0
0 57 109 77 5 6 1 6 1 100 129 57 57 129 57 0
0 1 0 0 2 3 3 0 0 0 1 2 2 3 0 2 1 2 3 1 3 2 1 1 0 3 3 2 3 3 0 2 3 1 2 2 3 2 0 0 1 2 0 2 0 1 2 0 1 3 3 0 3 0 0 2 3
3 1 0 0 2 3 3 0 0 0 1 2 2 3 0 2 1 2 3 1 3 2 1 1 0 3 3 2 3 3 0 2 3 1 2 2 3 2 0 0 1 2 0 2 0 1 2 0 1 3 3 0 3 0 0 2 3 0 2 0 0 2 2 1 1 0 3 3 0 1 3 0 1 0 0 3 1 2 3 3 0 3 1 2 3 2 3 0 1 1 2 2 2 1 2 0 1 2 0 0 2 2 3 1 2 1 0 0 0
0 58 111 87 5 6 1 6 1 100 135 58 58 135 58 0
0 1 0 1 3 0 1 3 2 3 0 0 0 2 0 1 3 2 1 1 3 1 0 0 3 3 3 0 3 2 2 1 0 0 2 3 3 0 1 2 1 0 3 1 3 0 3 0 2 3 1 0 3 0 2 0 3 3
3 1 0 1 3 0 1 3 2 3 0 0 0 2 0 1 3 2 1 1 2 1 0 0 3 3 3 0 3 2 2 1 0 0 2 3 3 0 1 2 1 0 3 1 3 0 3 0 2 3 1 0 3 0 2 0 3 3 3 1 2 2 1 0 2 1 3 0 0 1 0 2 3 0 0 2 0 3 2 2 1 3 0 3 0 0 3 3 0 3 3 2 0 1 3 0 0 2 3 1 3 1 1 2 0 1 0 3 3 0 1
0 58 111 92 5 6 1 6 1 100 140 58 58 140 58 0
1 3 2 2 0 1 0 2 2 1 1 1 1 2 1 0 3 3 0 0 0 2 1 0 2 3 2 3 0 0 3 3 0 3 3 0 2 3 2 2 3 2 0 1 3 1 1 3 2 1 1 0 3 0 0 3 2 1
0 3 2 2 0 1 0 2 2 1 1 1 1 2 1 0 3 3 0 0 0 2 1 0 2 3 2 3 0 0 3 3 3 3 3 0 2 3 2 2 3 2 0 1 3 1 1 3 2 1 1 0 3 0 0 3 2 1 1 1 2 2 0 0 1 1 1 1 3 0 1 2 2 3 2 2 2 0 2 3 3 0 1 1 3 2 1 0 1 3 1 2 0 0 0 2 2 1 0 1 1 2 2 0 2 0 0 3 0 0 0
0 60 115 90 5 6 1 6 1 100 140 60 60 140 60 0
0 2 1 0 2 0 1 2 2 3 2 2 0 2 3 2 1 2 2 3 1 2 1 0 0 1 2 0 2 1 1 1 1 0 1 1 3 1 2 0 1 3 3 3 2 3 2 2 3 1 2 3 0 2 3 0 2 3 2 0
3 2 1 0 2 0 1 2 2 3 2 2 0 2 3 2 1 2 2 3 1 2 1 0 0 1 2 0 2 1 1 1 1 0 1 1 2 1 2 0 1 3 3 3 2 3 2 2 3 1 2 3 0 2 3 0 2 3 2 0 3 2 2 1 0 1 3 2 3 2 3 3 0 3 2 3 1 0 1 2 1 2 3 0 3 3 0 2 2 2 3 2 1 2 2 1 3 2 1 0 1 3 3 2 2 3 1 3 1 0 2 0 0 3 2
0 64 123 76 5 6 1 6 1 100 135 64 64 135 64 0
3 0 2 0 3 2 3 1 2 3 3 1 1 2 3 0 0 3 2 2 1 3 3 3 1 3 3 1 3 0 0 0 2 0 0 3 2 1 2 0 1 1 1 2 2 1 3 1 2 3 3 2 3 0 0 0 1 0 1 3 3 0 0 0
2 0 2 0 3 2 3 1 2 3 3 1 1 2 3 0 0 3 2 2 1 3 3 3 1 3 3 1 3 0 0 0 2 0 0 3 2 1 2 0 1 1 1 2 2 1 3 1 2 3 3 2 3 0 0 0 1 0 1 3 3 0 0 0 0 0 1 1 1 2 0 1 3 2 1 1 2 3 2 1 2 2 1 2 3 2 3 1 2 2 2 1 0 2 3 2 1 2 0 3 2 2 0 3 0 0 2 1 0 2 1 3 0 1 3 0 0 1 3 2 0 2 1
0 2 126 126 5 6 1 6 1 100 126 0 0 123 2 0
0 1
3 1 0 1 0 2 2 1 0 3 3 2 3 0 3 3 2 3 3 2 2 3 0 1 2 2 1 2 2 3 2 2 3 2 2 3 1 2 1 2 3 2 0 1 2 1 2 1 3 0 3 3 0 2 2 2 3 3 0 1 2 3 2 3 3 0 1 1 3 2 2 3 1 3 3 2 1 2 0 1 2 2 0 0 1 2 0 2 0 0 2 1 2 1 0 3 3 0 1 0 0 0 2 2 3 1 2 3 0 2 1 2 2 3 2 1 1 2 2 0 1 0 2 1 1 3
0 12 129 42 5 6 1 6 1 100 49 12 12 49 12 0
3 1 2 2 1 2 2 3 1 2 3 3
2 1 2 2 1 2 2 3 1 2 3 3 2 3 0 2 3 3 3 0 1 2 1 2 3 1 2 2 3 1 2 1 0 0 3 2 3 3 2 2 0 2 1 1 1 3 0 0 1 0 2 1 0 0 1 0 3 2 3 3 2 3 1 1 1 2 1 3 0 0 0 1 2 0 2 2 2 1 2 3 1 0 1 3 3 3 2 2 1 0 1 3 3 3 3 0 1 1 2 2 1 0 2 3 1 1 1 0 0 1 2 2 3 0 3 2 3 1 3 2 3 2 2 2 3 2 2 3 0
0 67 129 71 5 6 1 6 1 100 133 67 67 133 67 0
2 2 2 2 0 0 2 2 0 0 0 2 1 3 2 1 0 2 0 1 3 0 3 0 0 2 3 3 2 2 0 0 2 3 1 2 3 0 2 2 0 2 3 3 2 1 2 0 0 0 3 0 3 3 2 1 3 3 3 1 1 2 3 3 1 3 3
1 2 2 2 0 0 2 2 0 0 0 2 1 3 2 1 0 2 0 1 3 0 3 0 0 2 3 3 2 2 0 0 2 3 1 2 3 0 2 2 0 2 3 3 2 1 2 0 0 0 3 0 3 3 2 1 3 3 3 1 1 2 3 3 1 3 3 2 2 2 1 0 0 3 2 2 1 0 0 2 3 0 0 3 0 2 1 0 0 0 0 0 3 2 0 1 1 0 3 0 1 3 2 1 2 2 3 1 3 1 1 1 2 0 1 1 3 1 3 0 1 2 3 0 2 2 0 2 0
0 39 131 35 5 6 1 6 1 100 69 39 39 69 39 0
3 2 2 2 0 2 2 1 1 2 3 3 3 0 3 0 3 3 1 3 1 3 3 0 2 3 0 0 1 2 0 0 3 0 2 2 2 2 1
2 2 2 2 0 2 2 1 1 2 3 3 3 0 3 0 3 3 1 3 1 3 3 0 2 3 0 0 1 2 0 0 3 0 2 2 2 2 1 2 3 3 3 3 2 2 1 2 2 3 1 2 0 3 2 1 2 2 3 0 2 0 1 1 0 1 3 0 1 3 1 3 2 1 1 1 3 1 2 3 3 1 2 0 0 3 0 0 2 2 3 0 0 0 0 3 3 3 0 0 3 0 0 3 2 2 1 1 0 1 3 3 3 0 2 3 3 1 0 0 2 3 3 3 0 3 2 1 1 2 3
0 7 132 43 5 6 1 6 1 100 45 7 7 45 7 0
1 1 1 3 3 1 3
0 1 1 3 3 1 3 1 3 3 3 0 1 1 3 3 3 0 3 3 3 3 3 1 3 3 2 0 1 3 2 3 2 2 1 2 1 3 0 2 3 3 3 3 3 3 2 2 3 3 3 3 3 2 0 1 2 3 3 0 3 2 2 2 3 2 3 1 2 1 0 1 3 0 3 0 3 1 3 0 2 1 2 3 0 0 3 3 0 2 0 0 0 3 3 3 3 2 3 1 2 1 0 0 1 3 2 3 1 3 3 1 2 2 3 0 3 3 3 3 0 3 3 1 2 3 3 2 2 1 3 3
0 37 133 24 5 6 1 6 1 100 51 37 37 51 37 0
3 3 2 3 3 3 3 1 1 2 3 2 1 0 3 3 3 0 0 0 1 2 2 1 3 0 0 3 1 0 0 3 2 1 2 3 3
2 3 2 3 3 3 3 1 1 2 3 2 1 0 3 3 3 0 0 0 1 2 2 1 3 0 0 3 0 0 0 3 2 1 2 3 3 3 0 0 0 1 2 1 0 1 2 2 3 3 3 3 0 0 0 0 2 3 0 0 2 3 0 3 3 3 1 3 3 3 3 3 0 0 1 3 1 3 3 2 0 0 3 2 0 2 3 3 3 0 0 0 2 0 0 0 1 3 1 0 1 0 3 3 3 0 0 0 0 3 1 0 2 3 2 0 3 0 0 0 0 2 0 3 3 0 3 0 1 3 0 1 3
0 69 133 81 5 6 1 6 1 100 130 69 69 130 69 0
1 1 1 0 3 3 3 3 3 0 2 3 1 0 1 3 2 1 3 3 1 2 0 2 0 2 0 3 3 0 0 0 3 2 2 2 0 2 0 0 2 3 3 1 3 1 2 2 0 0 1 2 1 0 3 3 3 2 2 2 1 2 3 3 0 2 3 3 3
0 1 1 0 3 3 3 3 3 0 2 3 1 0 0 3 2 1 3 3 1 2 0 2 0 2 0 3 3 0 0 0 3 2 2 2 0 2 0 0 2 3 3 0 3 1 2 2 0 0 1 2 1 0 3 3 3 2 2 2 1 2 2 3 0 2 3 3 3 2 1 2 0 1 1 0 3 1 0 3 3 2 1 3 3 1 1 0 0 3 0 1 3 3 0 1 1 0 1 0 0 1 3 1 0 2 1 2 1 2 1 2 2 0 3 3 0 3 0 0 0 2 1 0 0 1 2 3 3 2 1 1 0
0 40 135 20 5 6 1 6 1 100 45 40 40 45 40 0
3 0 1 3 0 3 0 2 2 2 1 2 3 0 3 3 1 3 3 3 1 3 1 1 2 3 0 0 0 0 0 0 3 2 3 2 1 2 3 1
3 0 1 3 0 3 0 0 2 2 1 2 3 0 3 3 1 3 3 0 1 3 1 1 2 3 0 0 0 0 0 0 3 3 3 2 1 2 3 1 0 1 2 1 2 0 1 3 3 1 0 1 0 1 1 0 0 1 1 3 0 3 3 3 3 3 3 1 0 2 3 3 0 2 2 3 0 0 2 3 1 1 3 3 3 0 3 2 1 1 1 2 1 0 3 0 0 2 0 0 0 0 2 0 0 0 2 1 3 2 3 3 0 1 3 1 1 2 2 1 0 0 1 1 2 3 3 3 3 0 3 3 3 3 0
0 31 135 77 5 6 1 6 1 100 98 31 31 98 31 0
1 1 3 0 2 1 2 1 1 3 3 1 0 2 1 2 0 2 2 1 2 3 1 2 1 1 1 2 3 3 3
0 1 3 0 2 1 2 1 1 3 3 1 0 2 1 2 3 2 2 1 2 3 1 2 1 1 1 2 3 3 3 3 1 3 1 1 2 0 2 1 0 2 2 0 0 0 2 2 1 2 2 0 2 1 2 0 1 0 1 3 0 0 2 3 1 0 0 3 1 1 2 3 2 2 0 3 2 1 3 2 1 1 0 3 2 1 3 0 0 0 3 0 3 3 2 1 2 2 2 1 2 2 3 3 1 0 1 1 0 1 1 3 0 3 3 3 3 0 0 1 1 0 2 3 0 2 0 1 0 1 0 1 3 2 0
0 70 135 80 5 6 1 6 1 100 129 64 64 125 70 0
2 1 0 3 3 3 0 2 1 2 1 0 2 1 3 2 0 3 3 2 0 0 0 1 1 0 2 3 2 1 0 0 3 0 1 2 2 2 0 0 2 0 2 1 3 2 2 2 3 1 0 3 3 0 0 2 3 3 0 0 0 2 0 0 3 0 0 0 1 3
1 1 0 3 3 3 0 2 1 2 1 3 2 1 3 2 0 3 3 2 0 0 0 1 1 0 2 3 2 1 0 0 3 0 1 2 2 2 0 0 2 3 2 1 3 2 2 2 3 1 0 3 3 0 0 2 3 3 0 0 0 2 0 0 2 0 0 0 1 2 0 0 3 3 2 2 2 2 3 2 0 0 0 2 3 0 2 3 2 1 2 2 1 2 2 3 3 0 3 3 0 1 1 2 1 3 0 2 1 0 1 1 2 3 1 1 0 3 2 3 1 2 1 2 2 2 0 1 0 0 0 3 2 1 3
0 58 136 24 5 6 1 6 1 100 77 58 58 77 58 0
2 2 0 0 0 3 0 0 1 3 2 3 1 2 1 2 1 1 0 3 2 3 3 1 3 3 0 2 3 2 0 1 1 3 3 1 2 2 3 0 0 1 1 0 1 3 3 1 2 1 0 0 1 3 3 0 1 3
1 2 0 0 0 3 0 0 1 3 2 3 1 2 1 2 1 1 0 3 2 3 3 1 3 3 0 2 3 2 0 1 1 3 3 1 2 2 3 0 0 1 1 0 1 3 3 1 2 1 0 0 1 3 3 0 1 3 3 3 3 2 1 1 2 3 3 1 1 0 0 3 0 0 1 0 1 3 2 2 1 1 0 0 1 0 2 0 1 1 1 1 1 2 3 3 3 3 1 3 3 1 3 0 2 3 1 3 0 2 2 1 2 1 3 3 1 0 2 2 3 2 2 2 1 3 3 3 1 0 1 2 0 1 1 3
0 55 137 21 5 6 1 6 1 100 71 55 55 71 55 0
2 3 1 2 1 2 1 3 0 2 0 0 3 0 2 1 1 2 3 3 1 3 0 2 1 3 2 1 1 2 3 0 0 2 0 2 2 0 2 1 3 0 2 0 0 1 1 2 1 0 2 0 2 0 0
1 3 1 2 1 2 1 3 0 2 0 0 3 0 2 1 1 2 3 3 1 3 0 2 1 3 2 1 1 2 3 0 0 2 0 2 2 0 2 1 3 0 2 0 0 1 1 2 1 0 2 0 2 0 0 2 3 2 2 1 2 3 3 2 0 0 1 3 0 1 3 0 1 2 0 1 3 3 2 1 0 1 1 2 0 0 0 0 2 2 0 0 0 3 0 1 2 1 2 1 3 0 1 1 0 2 2 1 2 0 1 1 3 2 3 0 1 2 1 0 3 0 1 1 3 2 2 2 3 3 2 2 2 1 0 1 1
0 71 137 48 5 6 1 6 1 100 104 71 71 104 71 0
1 1 1 0 0 1 3 3 1 1 1 1 0 1 3 0 0 1 0 2 1 3 3 1 3 3 1 1 0 0 2 2 1 0 2 3 0 0 0 2 2 3 0 1 1 1 2 1 0 3 0 0 2 3 0 0 1 1 0 2 3 1 3 1 3 3 2 2 2 1 0
0 1 1 0 0 1 3 3 1 1 1 1 0 1 3 0 0 1 0 2 1 3 3 1 3 3 1 1 0 0 2 2 1 0 2 3 0 0 0 2 2 3 0 1 1 1 2 1 0 3 0 3 2 3 0 0 1 1 0 2 3 1 3 1 2 3 2 2 2 1 0 3 0 0 0 3 2 1 3 2 2 1 0 1 3 3 3 2 2 1 1 2 1 3 3 3 0 2 2 3 2 0 3 2 1 1 0 2 1 2 1 0 0 2 2 1 1 2 1 1 1 1 0 2 0 1 0 1 1 0 0 1 0 0 0 2 3
0 61 138 20 5 6 1 6 1 100 76 61 61 76 61 0
2 1 1 3 3 0 1 1 0 2 1 0 1 3 3 1 3 3 1 2 2 1 2 2 3 3 0 2 3 0 2 1 1 3 3 3 0 3 3 1 2 2 1 3 1 1 3 0 3 3 2 2 3 1 2 3 0 0 3 2 2
1 1 1 3 3 0 1 1 0 2 1 0 1 3 3 1 3 3 1 2 2 1 2 2 3 3 0 2 3 0 2 1 1 3 3 3 0 3 3 1 2 2 1 3 1 1 3 0 3 3 2 2 3 1 2 3 0 0 3 2 2 1 2 1 3 0 1 1 0 0 2 1 2 2 2 1 3 2 3 0 3 3 2 1 0 1 3 3 1 2 1 3 2 1 2 2 3 1 0 2 3 0 2 0 1 3 3 0 3 3 2 2 2 2 3 0 0 3 0 0 0 0 1 2 1 2 3 3 3 2 1 0 1 1 0 0 3 3
0 20 139 52 5 6 1 6 1 100 62 20 20 62 20 0
3 2 2 3 2 3 0 3 0 3 1 1 0 2 3 2 2 3 1 2
2 2 2 3 2 3 0 3 0 2 1 1 0 2 3 2 2 3 1 2 1 2 2 0 1 1 0 2 3 2 1 2 1 1 2 1 3 2 3 3 0 0 2 3 2 2 3 1 2 3 2 2 3 3 0 1 1 2 0 0 0 0 0 2 2 3 1 3 2 0 2 0 1 1 2 0 3 3 2 1 1 0 2 1 0 3 0 1 2 3 2 2 1 2 2 0 1 3 1 2 1 1 3 1 0 1 1 0 2 3 0 2 3 2 2 3 2 0 0 0 2 2 3 1 0 0 2 0 1 2 1 3 0 1 1 2 0 3 3
0 50 139 43 5 6 1 6 1 100 78 50 50 78 50 0
2 3 1 0 1 3 0 1 1 3 2 3 1 0 0 1 2 2 2 1 0 2 3 1 2 2 2 3 3 0 2 2 3 0 2 3 1 0 0 2 1 1 0 0 0 3 3 1 1 0
1 3 1 0 1 3 0 1 1 3 2 3 1 0 0 1 2 2 2 1 0 2 3 1 2 2 2 3 2 0 2 2 3 0 2 3 1 0 0 2 1 1 0 3 0 3 3 1 1 0 1 1 3 3 0 3 1 2 1 2 1 2 1 2 2 3 0 2 0 2 2 1 2 2 3 1 1 2 0 0 3 0 0 0 0 3 3 3 1 3 2 3 3 0 2 3 1 3 3 3 0 1 1 2 3 1 2 3 1 3 3 3 2 3 1 2 3 3 1 3 0 2 3 3 2 2 3 1 3 0 3 0 3 0 1 1 2 3 3
0 72 139 78 5 6 1 6 1 100 130 72 72 130 72 0
0 2 1 1 0 1 2 2 2 3 0 0 3 2 2 1 2 1 2 0 1 3 1 0 0 2 1 2 2 3 3 1 2 3 1 0 1 1 1 2 0 2 2 3 3 0 1 2 1 2 2 3 3 2 3 1 2 0 1 1 1 0 3 1 0 2 1 0 1 1 0 0
3 2 1 1 0 1 2 2 2 3 0 0 3 2 2 1 2 1 2 0 1 3 0 0 0 2 1 2 2 3 3 1 2 3 1 0 0 1 1 2 0 2 2 3 2 0 1 2 1 2 2 3 3 2 3 1 2 0 1 1 1 0 3 1 0 2 1 0 1 1 0 0 0 0 1 2 2 1 0 0 1 1 0 1 2 2 2 1 0 0 3 2 1 2 2 2 3 2 1 3 1 3 2 1 0 3 3 3 0 0 1 0 2 3 1 3 1 1 1 0 0 2 3 0 1 1 0 3 3 3 3 1 2 1 1 2 2 2 1
0 24 140 19 5 6 1 6 1 100 38 24 24 38 24 0
0 0 1 0 3 0 0 1 0 1 0 2 3 1 0 0 2 0 1 2 3 0 3 1
3 0 1 0 3 0 0 1 0 1 0 2 3 1 0 0 2 0 1 2 3 0 3 1 3 3 3 1 3 3 2 1 3 0 2 1 2 2 0 0 0 2 3 1 2 1 1 3 0 1 3 2 1 1 2 1 2 3 0 0 0 2 1 1 2 3 3 2 2 1 2 2 2 3 1 0 2 1 2 2 0 0 2 0 0 0 3 3 3 2 0 2 1 0 1 1 0 0 2 3 1 1 2 2 3 2 1 1 1 2 0 1 2 1 2 1 1 2 3 3 1 1 3 3 0 1 1 2 1 0 2 0 0 0 0 3 3 1 3 1
0 73 141 44 5 6 1 6 1 100 102 73 73 102 73 0
1 3 3 0 1 1 1 3 2 2 1 1 0 1 1 1 0 1 2 1 3 0 2 3 0 2 3 0 2 2 1 0 1 2 1 1 3 0 3 3 2 2 2 2 0 0 2 2 1 1 1 3 0 1 3 1 1 0 2 1 1 0 0 0 0 2 0 2 2 1 0 2 3
0 3 3 0 1 1 0 3 2 2 1 1 0 1 1 1 0 1 2 1 2 0 2 3 0 2 3 0 2 2 1 0 1 2 1 1 3 0 3 3 2 2 2 2 0 0 2 2 1 1 1 3 0 1 3 1 1 0 2 1 1 0 0 0 0 2 0 2 2 1 0 2 3 1 2 2 0 1 2 2 1 0 1 3 2 1 1 0 2 3 0 3 2 2 1 1 0 3 3 3 1 3 0 3 1 0 1 2 1 2 1 0 2 3 2 1 1 1 2 1 3 0 3 2 1 1 0 0 3 0 2 2 1 1 2 2 3 2 3 0 1
0 73 141 63 5 6 1 6 1 100 121 73 73 121 73 0
1 3 3 0 1 1 1 3 2 2 1 1 0 1 1 1 0 1 2 1 3 0 2 3 0 2 3 0 2 2 1 0 1 2 1 1 3 0 3 3 2 2 2 2 0 0 2 2 1 1 1 3 0 1 3 1 1 0 2 1 1 0 0 0 0 2 0 2 2 1 0 2 3
0 3 3 0 1 1 0 3 2 2 1 1 0 1 1 1 0 1 2 1 2 0 2 3 0 2 3 0 2 2 1 0 1 2 1 1 3 0 3 3 2 2 2 2 0 0 2 2 1 1 1 3 0 1 3 1 1 0 2 1 1 0 0 0 0 2 0 2 2 1 0 2 3 1 2 2 0 1 2 2 1 0 1 3 2 1 1 0 2 3 0 3 2 2 1 1 0 3 3 3 1 3 0 3 1 0 1 2 1 2 1 0 2 3 2 1 1 1 2 1 3 0 3 2 1 1 0 0 3 0 2 2 1 1 2 2 3 2 3 0 1
0 73 141 64 5 6 1 6 1 100 127 73 73 127 73 0
3 0 2 3 3 0 1 0 0 2 3 1 0 1 0 2 3 3 1 2 0 3 0 3 1 0 3 3 3 1 1 0 0 2 3 2 1 1 1 1 0 2 0 0 0 2 2 1 0 2 0 0 1 2 2 1 2 1 2 1 0 3 2 3 2 0 1 2 3 0 2 0 0
2 0 2 3 3 0 1 0 0 2 3 1 0 1 0 2 3 3 1 2 0 3 0 3 1 0 3 3 3 1 1 0 0 2 3 2 1 1 1 1 0 2 0 0 0 2 2 1 0 2 0 0 1 2 2 1 2 1 1 1 0 3 2 3 2 0 1 2 3 0 2 0 0 2 3 2 3 1 2 1 3 1 0 0 2 3 3 0 0 0 2 3 2 0 1 3 1 0 2 0 2 1 1 1 0 1 1 3 1 3 2 3 1 2 2 0 1 1 2 2 3 0 2 3 0 0 3 2 1 2 2 3 0 0 2 1 0 1 2 3 1
0 73 141 77 5 6 1 6 1 100 135 73 73 135 73 0
1 2 3 1 2 3 0 3 0 3 2 3 0 2 3 2 1 2 2 3 3 1 2 0 1 2 3 0 2 1 2 2 2 2 2 3 2 2 3 1 2 3 0 3 0 3 2 3 1 1 2 2 1 3 2 2 1 1 0 0 0 2 3 1 1 2 0 3 0 0 1 2 2
0 2 3 1 2 3 0 3 0 3 2 3 0 2 3 2 1 2 2 3 3 1 2 0 1 2 3 0 2 1 2 1 2 2 2 3 2 2 3 1 2 3 0 3 0 3 2 3 1 1 2 2 1 3 2 2 1 0 0 0 0 2 3 1 1 2 0 3 0 0 1 2 2 3 2 1 1 1 0 3 2 1 2 3 1 3 3 3 2 1 1 2 3 1 3 3 3 3 3 2 1 3 1 0 1 2 2 1 2 2 3 1 1 2 2 3 3 2 1 2 1 2 3 2 2 3 1 2 3 2 2 1 2 3 3 3 3 0 3 1 2
0 24 143 58 5 6 1 6 1 100 77 24 24 77 24 0
1 1 2 2 1 2 1 2 1 0 0 3 0 0 1 2 0 0 3 0 1 2 0 0
0 1 2 2 1 2 1 2 1 0 0 3 0 0 1 2 0 0 3 0 1 2 0 0 2 1 0 3 0 1 2 2 0 0 2 2 0 2 1 1 3 0 3 2 1 3 3 0 3 0 3 0 0 3 0 1 3 2 1 2 2 1 1 0 0 1 2 2 3 2 2 3 2 2 3 0 0 3 0 2 3 1 0 3 0 1 1 0 1 2 0 1 0 0 2 1 2 2 0 0 2 0 2 2 3 2 2 0 1 1 1 0 0 0 2 2 3 2 2 3 3 2 1 1 1 1 2 1 3 3 3 3 0 1 0 0 1 1 1 1 2 2 3
0 74 143 76 5 6 1 6 1 100 135 74 74 135 74 0
0 2 2 1 2 3 1 0 1 3 1 2 1 1 3 1 1 2 3 3 3 2 2 1 1 3 0 3 1 2 3 0 2 2 2 1 1 2 1 1 2 1 1 3 3 3 3 3 0 0 0 2 2 0 1 2 0 1 3 3 3 3 0 3 3 3 3 3 0 3 2 0 0 3
3 2 2 1 2 3 1 0 1 3 1 2 1 3 3 1 1 2 3 3 3 2 2 1 1 3 0 3 1 2 3 0 2 2 2 1 1 2 1 1 2 1 1 3 3 3 3 3 0 0 0 1 2 0 1 2 0 1 3 3 3 3 0 3 3 3 3 3 0 3 2 0 0 3 0 1 1 0 1 2 1 2 0 1 1 2 0 0 2 0 0 0 1 1 3 3 2 0 0 1 2 1 2 3 1 2 3 3 0 0 0 1 0 0 1 3 2 3 3 3 3 3 0 1 3 3 2 0 3 1 3 1 3 3 3 1 2 0 1 2 2 1 2
0 48 144 19 5 6 1 6 1 100 62 48 48 62 48 0
3 2 2 2 3 1 1 2 0 1 3 0 0 1 3 3 3 0 1 2 2 2 0 0 2 0 1 0 0 0 2 3 1 1 2 3 0 3 3 3 1 2 2 2 2 3 3 3
2 2 2 2 3 1 1 2 0 1 3 0 0 1 3 3 3 0 1 2 2 2 0 0 2 0 1 0 0 0 2 3 1 1 2 3 0 3 3 3 1 2 2 2 2 3 3 3 1 0 2 3 0 3 3 3 1 0 3 2 3 2 0 1 1 2 3 1 2 1 2 1 3 2 3 1 3 2 3 3 2 1 0 2 1 0 0 1 3 1 1 3 1 0 3 1 2 2 3 0 1 2 3 0 0 3 2 2 3 1 2 2 3 3 3 3 2 3 3 1 3 0 0 0 3 2 0 2 3 3 0 1 3 0 2 1 2 3 0 0 3 0 2 2
0 21 145 61 5 6 1 6 1 100 77 21 21 77 21 0
1 2 3 2 3 1 3 1 0 2 3 2 1 3 0 2 1 0 0 3 1
0 2 3 2 3 1 3 1 0 2 3 2 1 3 0 2 1 0 0 3 1 2 3 3 0 0 1 2 1 0 3 0 0 2 1 3 0 2 1 2 0 1 2 3 2 1 3 3 2 2 3 1 3 2 1 0 0 0 1 1 0 1 2 2 0 0 2 0 0 2 2 1 3 3 2 3 2 1 1 2 0 0 3 3 0 3 2 2 1 3 0 3 2 2 3 2 3 3 0 1 0 0 2 2 1 1 1 3 3 1 2 1 3 3 0 0 0 0 2 0 0 2 3 2 2 2 2 2 3 0 2 0 2 0 0 2 3 2 1 2 3 1 1 3 3
0 53 145 33 5 6 1 6 1 100 81 53 53 81 53 0
2 2 0 3 0 2 2 3 2 0 0 0 0 0 0 1 2 2 2 1 0 2 2 3 0 3 0 0 2 3 3 2 1 1 2 0 0 2 0 0 0 1 3 1 1 3 1 0 0 2 3 0 0
1 2 0 3 0 2 2 3 2 0 0 0 0 0 0 1 2 2 2 1 0 2 2 3 0 3 0 0 2 3 3 2 1 1 2 0 0 2 0 0 0 1 3 1 1 3 1 0 0 2 3 0 0 0 0 2 2 3 0 2 1 0 0 0 0 2 0 0 1 2 2 1 3 1 2 3 1 1 2 1 2 0 1 1 3 1 0 0 2 0 0 0 3 3 0 2 0 1 2 0 0 2 3 0 1 1 2 1 1 2 3 1 2 3 3 1 0 0 2 3 1 3 1 1 2 3 1 1 3 3 2 3 3 2 2 0 1 0 0 2 0 2 2 1 1
0 75 145 45 5 6 1 6 1 100 110 75 75 110 75 0
2 1 0 3 0 2 2 3 3 2 0 1 1 0 3 1 2 3 2 3 3 0 2 3 2 1 2 2 3 3 0 1 0 0 1 1 2 1 3 0 1 0 2 1 0 1 3 3 3 2 0 1 1 0 2 1 2 0 2 2 1 1 2 3 1 1 0 1 3 0 0 0 2 0 0
1 1 0 3 0 2 2 3 3 2 0 1 1 0 0 1 2 3 2 3 3 0 2 3 2 1 2 2 3 3 0 1 0 0 1 1 2 1 3 0 1 0 2 1 0 1 3 3 3 2 0 1 1 0 2 1 2 0 2 2 1 1 2 3 1 1 0 1 3 0 0 0 2 0 0 0 3 0 1 1 2 0 1 0 2 1 2 3 1 3 0 1 3 2 3 2 3 2 2 3 1 0 1 3 2 1 0 0 3 3 0 2 0 2 0 1 2 2 1 1 0 1 0 0 1 1 0 2 3 3 3 2 1 2 2 3 3 0 1 2 0 1 1 2 3
0 20 146 20 5 6 1 6 1 100 35 20 20 35 20 0
2 2 0 2 0 1 1 0 2 3 1 3 1 3 1 3 0 3 1 2
1 2 0 2 0 1 1 0 2 3 1 3 1 3 1 3 0 3 1 2 0 2 1 2 2 3 2 1 0 2 1 2 1 3 2 2 0 1 1 3 1 0 1 3 3 0 1 1 2 0 1 2 0 0 1 2 2 3 1 1 3 2 1 1 2 0 1 3 0 3 3 1 2 2 2 1 3 3 2 3 3 2 1 0 1 3 2 2 1 0 1 1 3 2 1 1 2 1 1 0 1 1 0 2 2 1 3 2 2 2 3 2 3 1 2 1 0 1 0 3 1 0 0 1 2 2 2 0 1 2 3 3 2 1 1 2 1 1 1 0 0 3 2 2 1 2
0 28 147 22 5 6 1 6 1 100 45 28 28 45 28 0
0 0 0 2 1 1 2 1 0 3 3 0 2 0 0 2 2 0 1 1 0 2 3 2 2 3 2 3
3 0 0 2 1 1 2 1 0 3 3 0 2 0 0 2 2 0 1 1 0 2 3 2 2 3 2 3 3 2 2 3 3 3 2 3 1 2 1 2 3 3 2 2 3 1 0 0 0 1 2 2 1 0 0 1 3 3 3 0 2 3 3 0 2 0 2 0 0 2 1 3 1 3 1 0 2 1 1 1 3 3 1 3 3 1 0 2 3 0 2 2 2 3 1 0 2 3 2 3 2 0 1 2 1 2 0 0 2 1 2 2 1 0 3 3 0 3 2 2 3 1 1 0 0 1 1 1 3 0 1 2 2 2 3 1 2 3 1 2 3 1 3 3 0 1 0
0 76 147 52 5 6 1 6 1 100 115 73 73 113 76 0
3 1 1 0 3 2 0 1 2 1 0 0 0 3 0 3 2 0 2 2 3 2 1 2 2 2 0 2 3 3 1 3 2 0 0 0 1 2 0 0 2 3 2 0 0 2 3 0 2 1 2 1 3 0 2 1 2 1 2 2 3 0 1 2 2 3 1 2 3 1 0 3 2 3 0 0
2 1 1 0 3 2 0 1 2 1 0 0 0 3 0 3 2 0 2 2 3 2 1 2 2 2 0 2 3 3 1 3 3 0 0 0 1 2 0 0 2 3 2 0 0 2 3 0 2 1 2 1 3 0 2 1 2 1 2 2 3 0 1 2 2 3 1 2 3 1 0 3 2 2 0 0 3 2 2 3 3 0 2 1 2 1 1 0 1 2 0 1 0 3 2 3 1 2 1 1 3 0 0 3 2 1 3 2 1 2 2 2 3 3 0 2 2 1 0 1 3 3 0 3 2 3 0 1 2 1 2 3 3 3 0 0 1 0 3 2 3 0 3 1 3 1 0
0 50 148 34 5 6 1 6 1 100 79 50 50 79 50 0
1 3 3 2 1 0 1 2 0 1 3 0 0 3 3 2 1 2 2 0 2 1 2 2 1 3 0 0 1 0 2 2 1 2 2 0 1 1 0 1 3 2 1 2 3 0 2 0 0 1
3 3 3 2 1 0 1 2 0 1 3 0 0 3 3 2 1 2 2 0 2 1 2 2 1 3 0 0 1 0 2 2 1 2 2 0 1 1 0 1 3 2 1 2 3 0 2 0 0 1 3 2 1 0 2 0 2 1 2 1 2 1 3 3 2 3 3 2 0 1 1 2 1 1 3 3 1 0 2 1 2 2 1 2 2 2 3 2 0 1 1 2 1 0 1 2 3 0 0 2 2 0 1 1 2 1 2 1 0 0 3 3 1 1 3 1 3 1 3 1 3 2 1 0 1 2 2 1 2 3 3 2 1 2 3 0 0 0 0 3 1 0 0 2 0 2 1 1
0 27 149 88 5 6 1 6 1 100 105 27 27 105 27 0
1 1 0 0 2 2 3 2 0 0 2 1 1 0 1 0 0 0 0 0 2 3 0 2 0 0 2
0 1 0 0 2 2 3 1 0 0 2 1 1 0 1 0 0 0 0 0 2 3 0 2 0 0 2 1 2 1 2 2 0 0 2 2 1 0 3 0 0 2 0 1 3 0 3 1 2 0 3 2 3 2 2 1 0 0 3 3 2 3 0 3 1 2 1 0 0 3 2 2 0 2 1 2 2 3 1 0 0 2 1 0 2 1 3 0 3 1 2 2 3 3 0 2 0 0 0 0 1 3 2 3 0 3 0 0 3 3 1 3 3 3 2 3 3 3 2 2 2 1 3 2 1 2 2 3 3 3 3 1 3 2 1 2 3 3 3 0 0 1 0 0 0 3 0 3 0
0 32 150 23 5 6 1 6 1 100 40 32 32 40 32 0
2 2 2 2 2 1 2 2 3 1 2 0 1 2 0 1 1 1 1 0 3 0 2 2 2 1 2 1 3 1 2 3
1 2 2 1 2 1 2 2 3 1 2 0 1 2 0 1 1 1 0 0 3 0 2 2 2 1 2 1 3 1 2 3 3 3 0 2 2 1 2 2 3 1 1 2 3 2 3 1 3 0 0 3 3 0 1 1 0 2 0 1 1 3 3 3 0 1 1 2 0 0 0 2 2 0 2 3 1 2 1 2 0 1 3 1 1 3 3 3 3 3 2 1 2 1 2 3 2 0 1 2 1 3 1 3 3 3 3 3 1 0 2 1 2 2 1 2 1 3 3 1 0 3 3 2 3 3 3 3 0 1 1 3 0 1 1 0 1 2 3 3 3 0 1 2 3 2 2 3 0 2
0 41 151 43 5 6 1 6 1 100 64 41 41 64 41 0
3 0 3 1 0 0 0 3 0 1 1 3 1 2 1 2 0 2 1 2 1 2 0 3 2 2 1 2 2 3 0 1 1 3 1 2 2 3 1 3 3
2 0 3 0 0 0 0 3 0 1 1 2 1 2 1 2 0 2 1 2 1 2 0 3 2 2 1 1 2 3 0 1 1 3 1 2 2 3 1 3 3 1 0 2 3 2 3 3 0 1 1 2 2 2 3 2 1 1 3 3 0 3 2 2 0 1 2 0 0 0 3 0 0 2 3 3 3 0 1 3 2 0 1 3 1 0 3 3 1 1 2 1 3 0 0 1 2 2 2 2 2 1 1 3 3 1 2 1 2 1 1 0 3 3 0 3 2 2 0 0 2 1 1 0 0 0 2 2 1 0 1 1 2 2 0 2 1 3 0 1 0 1 2 0 2 2 3 1 3 2 1
0 78 151 72 5 6 1 6 1 100 145 78 78 145 78 0
0 1 0 3 1 2 1 1 2 0 0 0 2 0 1 2 2 2 2 0 0 2 1 3 0 2 3 2 2 0 1 3 0 0 3 0 2 3 0 0 3 3 0 3 2 1 1 3 3 3 1 3 1 3 1 2 3 1 2 3 2 2 1 2 0 0 0 0 0 0 2 3 3 2 2 3 2 0
3 1 0 3 1 2 1 1 2 0 0 0 2 0 1 2 2 2 2 0 0 2 1 3 0 2 3 2 2 0 1 3 0 0 3 0 2 3 0 0 3 3 0 3 2 1 1 3 3 3 1 3 1 3 1 2 3 1 2 3 2 2 1 2 0 0 0 0 0 0 2 3 3 2 2 3 2 0 1 3 0 1 2 1 0 2 3 2 2 2 3 2 0 1 3 2 2 1 0 2 3 3 0 0 0 0 0 0 2 2 1 2 0 3 2 3 2 1 2 3 1 0 1 2 1 2 2 1 1 3 3 0 2 2 3 1 2 3 1 1 1 2 1 3 0 2 3 2 2 0 1
0 45 152 43 5 6 1 6 1 100 76 45 46 76 46 1
2 3 1 2 0 1 2 3 2 1 1 2 0 3 3 0 1 2 1 3 2 0 1 3 2 0 2 0 0 2 1 2 2 0 0 2 3 1 3 3 3 0 0 0 2
1 3 1 2 0 1 2 3 2 1 1 2 0 3 3 0 1 2 1 0 3 2 0 1 3 2 0 2 0 0 2 1 2 2 0 0 2 3 1 3 3 3 0 0 0 2 2 3 1 0 0 2 1 1 3 1 3 0 1 2 2 0 1 3 0 0 2 0 0 2 3 3 2 2 3 1 2 0 2 1 3 0 2 3 1 0 0 0 0 0 0 3 3 0 2 0 0 3 2 1 3 3 0 3 0 2 2 3 0 1 3 1 0 1 1 1 0 0 2 2 1 0 3 2 0 2 0 0 0 1 0 0 0 3 1 0 1 0 1 3 0 0 1 0 1 3 2 3 1 1 2 1
0 79 153 71 5 6 1 6 1 100 135 79 79 135 79 0
0 1 1 0 2 3 1 3 2 0 3 2 1 3 3 3 3 0 3 3 0 0 0 1 2 3 1 1 1 1 3 1 2 1 3 3 0 3 2 0 2 2 2 2 0 0 0 2 0 0 3 0 1 0 0 0 2 0 1 2 3 2 0 3 2 1 2 3 1 1 1 3 0 3 0 0 0 2 3
3 1 1 0 2 3 1 3 2 0 3 2 1 2 3 3 3 0 3 3 0 0 0 1 2 3 1 1 1 1 3 1 2 1 3 3 0 3 2 0 2 2 2 2 0 0 0 2 0 0 3 0 0 0 0 0 2 0 1 2 3 2 0 3 2 1 2 3 1 1 1 3 0 3 0 0 0 2 3 2 2 1 2 2 2 3 0 2 2 3 1 1 1 0 0 0 0 3 0 0 3 0 0 2 2 3 0 2 2 0 1 2 0 2 3 3 1 0 3 3 0 3 3 3 1 2 2 2 2 2 0 1 0 0 0 1 0 2 0 3 0 0 2 2 1 2 1 0 1 3 3 3 0
0 59 154 35 5 6 1 6 1 100 89 59 59 89 59 0
0 1 1 0 1 2 2 3 3 3 3 0 1 3 2 2 2 0 1 0 1 1 3 0 0 0 2 1 1 0 2 2 0 2 1 1 0 2 0 1 1 2 3 1 1 2 1 1 0 2 0 1 1 0 3 3 0 2 1
3 1 1 0 1 2 2 3 3 3 3 0 1 3 2 2 2 0 1 0 1 1 3 0 0 0 2 1 1 0 2 2 0 2 1 1 0 2 0 1 1 2 3 1 1 2 1 1 0 2 0 1 1 0 3 3 0 2 1 1 3 0 0 1 2 0 1 1 2 3 1 1 0 0 0 0 1 2 3 2 1 2 3 2 2 0 0 2 1 1 3 1 1 0 0 1 1 3 0 3 1 2 2 3 3 2 2 3 2 1 0 2 1 2 1 2 0 1 1 0 2 0 0 0 3 0 0 1 3 3 1 0 1 3 0 2 2 1 2 1 1 2 3 2 3 2 2 0 3 0 2 1 0 2
0 66 155 26 5 6 1 6 1 100 77 66 66 77 66 0
1 2 0 2 0 2 2 0 1 3 1 0 3 1 1 3 2 3 3 3 0 3 2 1 2 2 1 1 1 3 1 2 1 1 3 0 0 0 1 3 3 2 1 0 0 1 2 1 3 3 1 2 3 3 2 1 1 2 2 2 1 1 3 1 1 1
3 2 0 2 0 2 2 2 1 3 1 0 3 1 1 3 2 3 3 3 0 2 2 1 2 2 1 1 1 3 1 2 1 1 3 0 0 0 1 3 3 2 1 0 0 1 2 1 3 3 1 2 3 3 2 1 1 2 2 2 1 1 3 1 1 1 0 1 1 2 1 1 1 2 3 1 1 3 2 1 2 2 2 1 2 2 3 0 3 3 3 2 0 1 2 2 3 1 3 2 3 0 2 3 3 3 0 2 3 3 1 2 1 3 3 3 1 1 2 2 3 0 2 2 1 3 3 3 1 1 3 0 1 1 2 2 0 0 0 0 0 1 2 0 0 0 0 2 1 3 3 2 0 3 3
0 80 155 20 5 6 1 6 1 100 21 39 46 0 61 7
3 0 1 2 2 0 1 3 0 1 2 1 3 2 1 2 1 1 1 2 1 2 1 0 2 0 0 3 0 2 3 1 1 2 2 0 3 2 3 1 1 0 2 1 3 0 1 2 2 1 3 0 3 0 1 0 3 2 3 0 2 1 0 3 0 0 2 1 1 2 3 3 0 0 0 3 0 3 2 3
1 3 1 2 2 3 3 3 0 1 2 2 1 1 3 0 1 2 3 3 2 1 2 0 1 1 2 1 2 1 0 0 0 0 3 0 2 2 1 1 2 2 0 3 2 3 3 0 3 3 1 2 0 2 3 3 2 3 0 3 2 0 1 3 0 0 0 1 0 3 0 1 1 0 0 0 0 1 0 3 1 1 2 2 1 1 3 0 3 3 1 1 2 1 0 0 2 3 3 1 2 2 1 2 3 0 2 2 1 1 2 1 3 2 3 1 1 3 3 2 2 3 3 3 0 1 2 2 1 1 3 0 1 2 1 0 2 0 2 0 1 1 0 0 0 0 3 2 3 3 2 1 0 0 3
0 80 155 40 5 6 1 6 1 100 41 39 46 0 83 7
3 0 1 2 2 0 1 3 0 1 2 1 3 2 1 2 1 1 1 2 1 2 1 0 2 0 0 3 0 2 3 1 1 2 2 0 3 2 3 1 1 0 2 1 3 0 1 2 2 1 3 0 3 0 1 0 3 2 3 0 2 1 0 3 0 0 2 1 1 2 3 3 0 0 0 3 0 3 2 3
1 3 1 2 2 3 3 3 0 1 2 2 1 1 3 0 1 2 3 3 2 1 2 0 1 1 2 1 2 1 0 0 0 0 3 0 2 2 1 1 2 2 0 3 2 3 3 0 3 3 1 2 0 2 3 3 2 3 0 3 2 0 1 3 0 0 0 1 0 3 0 1 1 0 0 0 0 1 0 3 1 1 2 2 1 1 3 0 3 3 1 1 2 1 0 0 2 3 3 1 2 2 1 2 3 0 2 2 1 1 2 1 3 2 3 1 1 3 3 2 2 3 3 3 0 1 2 2 1 1 3 0 1 2 1 0 2 0 2 0 1 1 0 0 0 0 3 2 3 3 2 1 0 0 3
0 59 156 33 5 6 1 6 1 100 72 59 59 72 59 0
3 3 0 2 1 1 0 0 0 2 0 3 0 0 0 0 2 3 1 1 3 3 2 3 0 2 2 3 1 2 1 1 1 1 3 1 1 0 0 3 3 2 1 3 0 0 2 1 0 1 1 0 3 3 0 0 0 0 1
2 3 0 2 1 1 0 0 0 2 3 3 0 0 0 0 2 3 1 1 3 3 2 3 0 2 2 3 1 2 1 1 1 1 3 1 1 0 3 3 3 2 1 3 0 3 2 1 0 1 1 0 3 3 0 0 0 0 1 1 0 1 3 0 0 0 0 2 3 0 0 1 2 3 2 0 1 2 2 0 2 0 2 1 3 0 3 2 1 2 2 0 0 3 3 2 3 3 3 0 1 2 0 1 2 0 1 2 2 0 1 2 0 1 2 1 2 1 1 0 1 2 1 2 0 2 0 3 2 1 1 3 0 0 1 2 2 2 1 1 2 1 2 1 3 0 3 1 3 1 3 0 2 1 2 0
0 40 157 66 5 6 1 6 1 100 101 40 40 101 40 0
3 1 0 3 1 2 0 1 2 2 1 0 2 2 0 1 2 2 1 3 3 3 1 1 2 3 2 2 3 0 1 3 3 1 1 2 1 2 0 1
2 1 0 3 1 2 0 1 2 2 1 0 2 2 0 1 2 2 1 3 3 3 1 1 2 3 2 2 3 0 1 3 3 1 1 2 1 2 0 1 0 3 3 0 0 3 3 3 3 0 0 0 0 0 2 2 2 0 3 3 1 1 1 3 3 0 0 1 2 2 1 0 1 0 0 3 3 3 2 2 1 0 0 3 0 2 2 0 0 0 1 0 1 1 3 3 1 0 3 2 1 0 2 3 0 1 2 0 1 3 0 2 1 0 1 1 0 1 3 0 0 1 0 2 3 0 2 1 1 0 2 0 1 2 0 1 0 3 0 1 2 1 2 0 0 2 2 2 3 3 2 2 0 1 0 0 0
0 81 157 69 5 6 1 6 1 100 140 81 81 140 81 0
2 2 3 3 1 0 3 3 3 3 3 0 3 2 3 1 1 1 2 0 1 1 3 3 0 2 3 0 2 2 1 1 2 2 2 0 0 0 0 0 0 2 0 1 3 0 3 0 1 3 0 3 2 1 2 0 3 3 2 1 0 1 0 1 2 1 0 2 0 1 2 3 1 1 3 3 3 3 2 1 2
1 2 3 3 1 0 3 3 3 3 3 0 3 2 3 1 1 1 2 0 1 1 3 3 0 2 3 0 2 2 1 1 2 2 2 0 0 0 0 0 0 2 0 1 3 0 3 0 1 3 0 3 2 1 2 3 3 3 2 1 0 1 0 1 2 1 0 2 0 1 2 3 1 1 3 3 3 3 2 1 2 1 3 0 0 0 0 3 1 2 1 1 0 3 3 0 0 2 1 2 3 2 1 3 3 3 0 0 0 1 0 0 0 1 0 2 1 1 3 2 1 0 3 1 0 0 2 1 1 3 0 3 3 1 1 2 1 0 0 2 3 2 1 2 2 1 2 3 0 2 2 1 3 2 3 3 3
0 62 158 38 5 6 1 6 1 100 85 62 62 85 62 0
0 2 1 2 1 1 1 1 2 1 3 3 1 0 1 2 1 3 1 2 3 3 1 2 0 3 3 2 3 3 3 3 1 1 2 3 2 1 0 3 3 3 0 0 0 1 2 2 1 3 0 0 3 1 0 0 3 2 1 2 3 3
3 2 1 2 1 1 1 1 2 1 3 3 1 0 1 2 1 3 1 2 3 3 1 2 0 2 3 2 3 3 3 3 1 1 2 3 2 1 0 3 3 3 0 0 0 1 2 2 1 3 0 0 3 0 0 0 3 2 1 2 3 3 3 0 0 0 1 2 1 0 1 2 2 3 3 3 3 0 0 0 0 2 3 0 0 2 3 0 3 3 3 1 3 3 3 3 3 0 0 1 3 1 3 3 2 0 0 3 2 0 2 3 3 3 0 0 0 2 0 0 0 1 3 1 0 1 0 3 3 3 0 0 0 0 3 1 0 2 3 2 0 3 0 0 0 0 2 0 3 3 0 3 0 1 3 0 1 3
0 82 159 68 5 6 1 6 1 100 135 82 82 135 82 0
1 2 1 2 1 2 3 3 3 0 0 0 0 0 1 2 0 1 1 0 2 0 1 2 0 1 1 3 1 0 3 2 3 3 3 3 3 3 1 1 2 3 3 2 3 2 0 0 0 3 1 1 0 0 0 3 3 2 2 1 2 3 1 0 2 3 2 2 0 2 0 0 3 2 1 1 0 0 2 0 0 0
0 2 1 2 1 2 3 3 3 0 0 0 0 0 1 2 0 1 1 0 2 0 1 2 0 1 1 3 1 0 3 2 3 3 3 3 3 3 1 1 2 3 3 2 3 2 0 0 0 2 1 1 0 0 0 3 3 2 2 1 2 3 0 0 2 3 2 2 0 2 0 0 3 2 1 1 0 0 2 0 0 0 2 0 1 1 2 0 1 3 2 1 2 0 1 1 0 0 1 2 1 3 0 0 2 0 1 2 0 1 3 0 1 2 2 1 3 3 3 2 0 1 1 1 0 2 0 1 3 2 2 1 3 0 1 2 1 2 2 3 3 3 0 1 2 3 2 3 1 0 0 2 2 0 0 1 1 0 1
0 65 160 34 5 6 1 6 1 100 94 65 65 94 65 0
0 0 2 3 2 2 1 3 0 3 3 2 3 0 3 0 1 3 1 3 3 3 0 3 3 0 3 1 3 0 3 1 2 3 3 3 1 2 2 1 1 0 3 3 0 3 3 0 1 0 0 1 2 0 1 1 2 0 3 2 3 0 0 3 0
3 0 2 3 2 2 1 3 0 3 3 2 3 0 3 0 1 3 1 3 3 3 0 3 3 0 3 1 3 0 3 1 2 3 3 3 1 2 2 1 1 0 3 3 0 3 3 0 1 0 0 1 2 0 1 1 2 0 3 2 3 0 0 3 0 3 3 1 2 3 3 1 3 1 2 2 3 0 3 2 2 2 3 3 1 3 1 1 2 3 0 1 3 3 3 1 2 0 1 3 0 2 1 0 0 0 0 0 3 0 3 3 3 0 0 3 1 2 1 2 3 3 2 1 3 0 1 1 2 0 0 0 3 3 1 0 1 0 2 3 1 3 0 1 1 2 0 0 2 2 0 0 2 3 1 2 3 1 3 2
0 70 161 25 5 6 1 6 1 100 85 70 70 85 70 0
0 2 1 0 1 3 0 3 0 0 1 3 2 1 3 1 3 3 2 2 1 0 3 2 3 1 3 3 0 3 0 3 0 1 1 0 2 1 2 0 0 2 2 1 3 3 3 1 3 1 0 3 1 2 1 2 0 2 1 3 0 3 2 1 2 0 1 1 1 2
3 2 1 0 1 3 0 3 0 0 1 3 2 1 3 1 3 3 2 2 1 0 3 2 3 1 3 3 0 3 0 3 0 1 1 0 2 1 2 0 0 2 2 1 3 3 3 1 2 1 0 3 1 2 1 2 0 2 1 3 0 3 2 1 2 0 1 1 1 2 0 0 0 1 3 0 0 0 2 2 0 1 2 1 0 1 3 2 1 0 2 1 2 1 2 2 1 1 1 2 1 3 3 1 2 1 3 0 0 0 3 2 3 0 2 3 2 0 1 3 3 1 3 3 1 1 1 2 3 1 0 0 1 0 0 0 3 2 2 2 1 0 2 3 3 0 1 0 1 2 0 1 3 2 3 3 0 2 2 1 1
0 83 161 59 5 6 1 6 1 100 127 83 83 127 83 0
2 2 0 1 3 0 2 3 2 0 0 0 3 0 2 1 1 0 1 3 3 1 1 0 0 0 2 2 2 3 1 2 2 1 3 1 1 2 0 1 1 2 1 0 1 1 1 0 3 0 1 2 1 2 2 0 1 3 2 2 0 1 2 1 2 1 0 3 2 2 1 0 2 3 0 2 3 2 3 1 0 3 0
1 2 0 1 3 0 2 3 2 0 0 0 3 0 2 1 1 0 1 3 3 1 1 0 0 0 2 2 2 3 1 2 2 1 3 1 1 2 0 1 1 2 1 0 1 1 1 3 3 0 1 2 1 2 2 0 1 3 2 2 0 1 2 1 2 1 0 3 2 2 1 0 2 3 3 2 3 2 3 1 0 3 0 0 1 3 1 0 3 1 2 3 1 3 3 2 1 2 2 2 0 1 3 2 1 2 1 2 2 2 3 1 2 0 0 0 2 3 3 1 3 0 3 3 2 2 3 0 1 3 0 0 3 1 1 1 2 1 1 1 0 1 3 3 1 2 2 2 1 1 3 3 0 3 1 0 3 0 0 0 0
0 83 161 67 5 6 1 6 1 100 140 83 83 140 83 0
3 0 3 0 2 0 0 0 1 0 0 1 3 3 2 2 1 1 2 2 3 3 3 3 0 2 2 0 1 0 0 2 2 0 2 3 3 2 3 3 2 1 2 2 3 0 0 3 3 2 2 3 2 1 1 0 3 0 2 0 0 2 0 2 1 2 2 1 2 0 1 1 1 0 3 0 0 2 3 1 2 3 1
2 0 3 0 2 0 0 0 1 0 0 1 3 3 2 2 1 1 2 1 3 3 3 3 0 2 2 0 1 0 0 2 2 0 2 3 3 2 3 3 2 1 2 2 3 0 0 3 3 2 2 3 2 1 1 0 3 0 2 0 0 2 0 2 1 2 2 1 2 0 1 1 1 0 3 0 0 2 3 1 2 3 1 0 2 2 2 3 0 1 3 3 2 0 1 1 1 0 3 3 3 0 2 3 3 0 2 0 0 2 0 0 2 2 0 1 3 0 0 1 3 3 1 2 0 3 3 2 2 2 3 1 1 0 2 2 3 1 1 0 3 0 1 1 1 2 1 0 1 2 0 1 2 0 1 1 2 1 0 3 2
0 66 163 35 5 6 1 6 1 100 91 66 66 91 66 0
0 1 3 0 3 3 0 0 1 3 1 3 0 0 1 0 2 2 2 1 3 2 0 0 2 1 1 2 3 3 1 2 0 0 0 1 0 2 2 1 2 3 1 2 3 0 1 3 0 1 3 0 3 2 2 1 1 3 1 2 2 2 3 0 2 3
3 1 3 0 3 3 0 0 1 3 1 3 0 0 1 0 2 2 2 1 3 2 0 0 2 1 1 2 3 3 1 2 0 0 0 1 0 2 1 1 2 3 1 2 3 0 1 3 0 1 3 0 3 2 2 1 1 3 1 2 2 2 3 0 2 3 0 1 0 0 1 3 2 2 3 0 2 1 0 2 3 1 0 3 0 1 1 0 0 3 3 2 0 1 3 3 2 1 3 2 1 2 2 2 3 0 0 0 0 1 0 0 2 1 3 0 0 0 3 1 2 2 0 1 3 2 0 2 3 0 3 3 0 0 0 0 0 2 2 2 2 0 0 0 2 3 3 2 3 1 1 1 0 1 2 0 0 0 1 2 1 2 3
0 84 163 66 5 6 1 6 1 100 140 84 84 140 84 0
3 2 1 2 1 1 2 0 1 1 0 3 3 0 3 3 2 1 3 0 1 1 2 0 1 0 0 0 0 3 2 2 2 1 0 0 3 2 2 3 1 3 2 2 0 0 2 2 1 1 3 2 2 1 0 0 2 0 2 1 1 0 3 0 3 1 2 1 1 3 3 3 1 0 3 3 2 1 2 2 0 1 2 1
2 2 1 2 1 1 2 0 1 1 0 3 3 0 3 3 2 1 3 0 1 1 2 0 0 0 0 0 0 3 2 2 2 1 0 0 3 2 2 3 1 3 2 2 0 0 2 2 1 1 3 2 2 1 0 0 2 0 2 1 1 0 3 0 3 1 2 1 1 3 3 3 1 0 3 3 2 1 2 2 0 1 2 1 2 1 1 1 2 3 3 2 2 3 1 1 0 2 3 3 3 3 0 3 1 0 0 0 0 0 2 3 3 2 0 1 3 1 0 2 1 3 1 3 0 1 0 0 1 3 3 1 0 0 3 0 3 2 3 0 2 1 1 0 1 2 2 1 2 3 3 0 3 3 2 1 3 0 3 3 2 1 0
0 65 165 39 5 6 1 6 1 100 89 65 65 89 65 0
1 1 0 1 2 2 1 1 0 0 1 3 1 1 0 2 2 3 1 3 0 2 2 1 0 3 2 2 1 3 3 1 3 0 3 0 1 1 3 2 2 3 1 3 0 2 1 2 1 1 3 1 3 0 2 1 1 0 1 0 0 1 2 2 1
0 1 0 1 2 2 1 1 0 0 1 3 1 1 0 2 2 3 1 3 0 2 2 1 0 3 2 2 1 3 3 1 3 0 3 0 1 1 3 2 2 3 1 3 0 1 1 2 1 1 3 1 3 0 1 1 1 0 1 0 0 1 2 2 1 2 1 2 3 2 0 1 1 1 2 0 0 3 0 3 3 3 1 3 1 2 3 2 1 1 2 1 3 3 3 2 2 3 1 0 3 2 0 3 2 2 1 2 3 2 3 3 3 0 2 2 1 2 1 2 2 2 3 1 2 1 2 0 1 1 3 0 1 2 3 3 3 1 2 2 0 1 2 0 1 1 3 1 2 0 1 2 3 3 2 3 1 3 1 2 1 2 2 1 1
0 85 165 54 5 6 1 6 1 100 134 85 85 134 85 0
1 1 2 2 3 0 2 2 1 1 1 3 1 2 1 0 1 3 2 1 1 0 1 0 3 3 2 1 2 2 2 1 2 2 0 0 0 0 1 3 0 1 3 2 0 1 1 1 0 0 0 2 3 3 3 1 3 3 1 2 1 3 2 2 1 3 2 0 0 2 3 1 3 3 2 0 0 1 1 0 1 3 0 1 2
0 1 2 2 3 0 2 2 1 1 1 3 1 2 1 0 1 3 2 1 1 0 1 0 3 3 2 1 2 2 2 1 2 2 0 0 0 0 1 3 0 1 3 2 0 1 1 1 0 0 0 2 3 3 3 1 3 3 1 2 1 3 2 2 1 3 2 0 0 2 3 1 3 3 2 0 0 1 1 0 1 3 0 1 2 1 1 0 3 1 0 2 1 2 3 3 2 3 2 2 2 1 1 1 3 0 2 0 2 3 3 2 0 0 0 2 0 0 2 1 2 1 1 2 0 0 2 1 2 2 3 2 2 1 1 2 3 1 2 2 3 1 3 1 2 0 1 2 3 2 1 0 2 2 0 1 2 0 0 2 1 1 3 3 0
0 85 165 65 5 6 1 6 1 100 130 85 85 130 85 0
0 3 1 1 1 1 1 3 2 1 0 1 1 1 1 3 1 0 2 3 1 1 0 1 3 0 0 1 3 3 1 2 2 1 2 1 0 3 0 1 3 1 1 0 1 2 0 1 1 1 1 3 0 0 0 0 0 1 3 2 2 1 1 1 1 1 1 3 1 1 3 1 3 3 3 2 1 1 1 3 0 1 2 2 3
3 3 1 1 1 1 1 3 2 1 0 1 1 0 1 3 1 0 2 3 1 1 0 1 3 0 0 1 3 3 1 1 2 1 2 1 0 3 0 1 3 1 1 0 1 2 0 1 1 1 1 3 0 0 0 0 0 1 3 2 2 1 1 1 0 1 1 3 1 1 3 1 3 3 3 2 1 1 1 3 0 1 2 2 3 0 1 2 3 1 0 2 1 0 0 1 2 0 1 0 0 1 2 2 3 2 2 2 2 2 1 1 2 3 2 3 1 2 3 1 1 2 3 2 0 1 1 2 3 3 3 3 1 2 2 1 2 2 2 0 2 3 2 3 0 3 2 2 1 2 0 0 0 1 1 0 1 3 3 1 3 2 2 3 2
0 45 167 24 5 6 1 6 1 100 54 45 45 54 45 0
2 0 1 1 0 2 0 0 3 2 2 1 1 2 0 2 2 1 0 0 0 1 1 2 3 2 2 3 1 2 3 1 3 2 2 1 3 2 3 3 0 0 0 2 2
1 0 1 1 0 2 0 0 3 2 2 1 1 2 3 2 2 1 0 0 0 1 1 2 2 2 2 3 1 2 3 1 3 2 2 1 3 2 3 3 0 0 0 2 2 2 2 1 1 3 1 0 0 1 3 2 1 1 0 2 3 1 1 2 0 1 3 2 1 0 2 0 0 2 0 3 2 2 3 2 1 2 1 3 2 1 1 2 2 0 0 0 3 0 3 1 1 2 0 0 0 0 1 2 3 3 1 1 0 0 2 0 0 0 1 2 3 1 0 0 3 3 0 1 0 0 1 2 2 3 0 3 3 2 1 3 3 0 0 3 3 0 0 3 2 2 2 0 0 2 0 0 2 0 1 0 1 2 2 1 1 1 1 0 2 0 1
0 50 168 72 5 6 1 6 1 100 112 50 50 112 50 0
1 1 3 2 3 3 3 2 0 2 1 2 2 1 0 0 0 0 2 3 0 2 1 1 0 0 2 1 1 1 0 0 3 1 1 2 2 1 3 0 3 0 1 1 0 0 1 0 0 3
0 1 3 2 3 3 3 2 0 2 1 2 2 1 0 0 0 0 2 3 0 2 1 1 0 0 2 1 1 1 0 0 2 1 1 2 2 1 3 0 3 0 1 1 0 0 1 0 0 3 3 0 2 2 1 0 1 2 1 0 0 3 1 2 2 3 1 2 3 1 0 1 0 1 2 2 1 0 2 0 0 2 2 1 2 3 2 1 1 3 0 3 2 1 3 2 2 1 1 3 1 3 2 1 1 0 3 3 2 2 3 0 2 0 1 2 0 0 2 3 2 2 0 2 0 1 1 2 0 2 3 3 0 1 3 2 3 1 2 1 3 2 3 0 0 1 2 2 0 1 1 3 0 3 1 3 1 3 1 0 2 3 1 3 2 1 3 2
0 87 169 53 5 6 1 6 1 100 120 87 87 120 87 0
1 0 2 0 1 2 1 1 3 3 1 3 3 2 1 2 1 3 1 0 3 1 3 0 1 3 0 0 1 2 2 1 3 3 3 3 2 0 0 0 2 1 0 0 2 3 2 0 2 1 1 2 0 0 1 1 2 1 2 0 1 1 0 3 1 3 3 3 2 2 1 1 2 3 0 1 1 2 3 0 2 1 0 0 2 0 1
0 0 2 0 1 2 1 1 3 3 1 3 3 2 1 2 1 3 1 3 3 1 3 0 1 3 0 0 1 2 2 1 3 3 3 3 2 0 0 0 2 1 0 0 2 3 2 0 2 1 1 2 3 0 1 1 2 1 2 0 1 1 0 3 1 3 3 3 2 2 1 1 2 3 0 1 1 2 3 0 1 1 0 0 2 0 1 1 2 2 2 1 3 2 3 1 0 2 1 2 1 0 3 2 1 0 3 3 3 0 1 1 0 0 0 1 3 0 1 0 0 1 3 3 1 1 1 0 0 1 1 3 0 3 3 2 2 0 0 3 3 3 2 1 2 1 2 3 2 3 3 3 0 1 2 3 3 3 3 0 2 1 2 1 1 2 1 0 3
0 68 170 28 5 6 1 6 1 100 86 68 68 86 68 0
1 0 0 1 3 1 3 3 2 2 0 2 0 0 0 0 0 0 1 3 2 2 1 2 1 0 0 3 0 0 1 2 3 1 3 0 3 3 3 2 2 1 3 0 3 2 1 2 0 0 2 3 0 1 1 3 0 3 0 2 1 2 3 3 3 0 3 3
0 0 0 1 3 1 3 3 2 2 3 2 0 0 0 0 0 0 1 3 2 2 1 2 1 0 0 3 0 0 1 2 3 1 3 0 3 3 3 2 2 1 3 0 3 2 1 2 0 0 2 3 0 1 1 3 0 3 0 2 1 2 3 3 3 0 3 3 2 1 3 0 0 0 1 2 2 2 0 0 2 1 0 1 1 3 2 2 0 2 3 3 2 1 1 0 0 0 2 0 2 2 1 2 3 1 2 2 0 0 0 0 3 3 3 0 3 0 0 2 3 2 1 1 0 2 3 1 0 0 0 2 3 0 2 3 2 1 3 0 3 3 0 3 0 0 2 2 3 2 0 3 2 2 0 1 0 3 3 0 1 0 2 0 2 0 0 0 2 1
0 88 171 29 5 6 1 6 1 100 100 86 86 97 88 0
3 3 1 3 3 3 1 2 2 2 1 1 0 1 2 2 0 1 2 3 2 2 3 2 1 1 1 0 2 3 2 2 3 2 2 1 1 0 3 2 3 2 1 2 3 1 1 2 1 3 0 1 1 2 3 1 3 2 3 1 2 2 3 1 0 3 0 2 1 2 0 1 0 2 3 2 2 0 2 0 0 2 2 3 0 0 1 1
2 3 1 3 3 3 1 2 2 2 1 1 0 1 2 2 0 1 2 3 2 2 3 2 1 1 1 0 2 3 2 2 3 2 2 1 1 0 3 2 3 2 1 2 3 1 1 2 1 3 0 1 1 2 3 1 3 2 3 1 2 2 3 1 3 3 0 2 1 2 0 1 0 2 3 2 2 0 1 0 0 2 2 3 0 0 0 1 2 0 0 3 1 1 2 3 1 3 3 2 3 3 2 2 3 1 0 3 3 0 1 1 3 2 1 2 1 0 1 2 1 3 0 3 2 1 2 1 2 0 2 3 3 2 2 2 1 0 2 3 2 3 2 0 2 1 0 3 3 1 1 3 3 0 1 3 0 2 0 2 2 0 2 3 0 2 1 1 0 3 0
0 47 172 50 5 6 1 6 1 100 82 47 47 82 47 0
1 1 2 3 0 2 3 2 0 0 2 0 1 1 1 3 0 0 2 1 1 0 1 3 1 3 0 0 3 2 0 2 0 1 3 3 0 2 1 0 1 1 2 1 2 3 2
0 1 2 3 0 2 3 2 0 0 2 0 1 1 0 3 0 0 2 1 0 0 1 3 1 3 0 0 3 2 0 2 0 1 3 3 0 2 1 0 1 1 2 1 2 3 2 2 1 1 3 0 1 0 1 0 0 0 1 3 3 2 3 3 0 0 2 3 3 0 3 2 2 1 2 0 1 0 3 2 3 3 3 3 3 2 0 0 1 3 3 1 3 3 3 0 0 2 3 1 1 3 1 0 1 0 2 3 0 0 0 3 1 0 3 0 2 2 1 1 0 1 3 0 0 0 2 1 3 2 0 3 2 2 0 1 0 0 1 3 3 3 3 2 3 2 1 2 1 0 1 2 2 1 1 3 0 3 0 1 0 2 3 1 2 2 0 3 2 2 1 0
0 54 173 69 5 6 1 6 1 100 118 54 54 118 54 0
3 0 1 2 1 2 0 1 0 0 2 3 2 2 2 1 0 1 1 0 1 3 3 3 2 1 2 3 1 1 2 1 2 0 1 1 0 0 3 2 2 1 2 3 3 2 1 2 0 1 1 1 0 3
2 0 1 2 1 2 0 1 0 0 2 3 2 2 2 1 0 1 1 0 1 3 3 3 2 1 2 3 1 1 2 1 2 0 1 1 0 0 3 2 2 1 2 3 3 2 1 2 0 1 1 1 0 3 2 0 1 2 0 2 1 0 1 3 2 1 2 1 2 3 1 1 0 0 2 0 0 1 3 0 1 3 3 2 0 1 3 0 1 1 1 2 1 3 3 2 1 0 3 2 2 1 3 0 3 2 2 0 0 2 2 0 1 0 0 2 2 3 2 0 3 2 3 3 2 0 0 2 2 2 0 2 2 1 0 3 2 0 2 2 1 0 3 1 1 2 1 3 3 3 2 2 1 1 2 3 0 1 1 0 2 1 1 0 0 2 0 2 2 1 3 3 1
0 72 174 34 5 6 1 6 1 100 86 72 72 86 72 0
1 3 3 3 0 0 0 2 1 2 2 0 2 1 1 2 2 0 2 0 0 0 1 0 2 3 2 2 2 0 1 1 0 0 0 2 1 1 0 2 2 1 1 1 0 1 1 0 3 1 0 0 3 3 0 1 1 2 2 3 1 1 2 1 0 0 0 1 0 3 1 1
0 3 3 3 0 0 0 2 1 2 2 0 2 1 1 2 2 0 2 0 0 0 1 0 2 3 2 2 2 0 1 1 0 0 3 2 1 1 0 2 2 1 1 1 0 1 1 0 3 0 0 0 2 3 0 1 1 2 2 3 1 1 2 1 0 0 0 1 0 3 1 1 2 2 0 0 0 2 0 1 3 0 0 0 2 3 2 1 2 0 2 0 0 2 2 1 2 0 1 0 0 0 0 1 1 3 3 3 2 1 2 2 0 3 3 3 3 0 2 0 2 1 0 3 3 0 3 3 0 2 0 0 1 2 0 0 3 1 2 2 3 0 2 0 0 0 0 0 0 3 3 3 0 0 1 2 2 2 2 0 3 1 3 0 1 3 3 0 1 2 3 2 1 1
0 80 175 20 5 6 1 6 1 100 85 80 80 85 80 0
1 1 2 1 1 3 0 3 2 2 2 0 0 2 3 1 2 3 1 0 2 2 1 1 2 1 1 2 1 3 3 1 3 2 1 1 0 1 1 2 3 1 0 1 0 1 1 0 1 1 0 2 2 2 1 2 2 1 1 0 1 2 0 1 1 0 1 2 3 1 3 0 1 2 0 2 1 3 2 2
1 1 2 1 1 3 0 1 2 1 2 0 0 2 3 1 2 3 1 0 2 2 1 1 2 1 1 2 1 3 3 1 3 2 1 1 0 1 1 2 3 1 0 1 0 1 1 0 1 0 0 2 2 2 1 2 2 1 1 0 1 2 0 1 1 0 1 2 3 1 3 0 1 2 0 2 1 3 2 2 1 1 2 0 1 1 3 3 3 1 0 1 3 3 3 0 2 2 0 1 1 2 0 1 3 2 2 1 1 1 0 1 3 1 0 1 3 1 1 3 3 3 1 2 2 1 2 2 1 2 0 1 1 2 0 1 1 2 3 0 2 1 0 1 2 1 1 2 2 0 1 3 2 2 1 0 1 1 3 1 2 3 1 3 0 1 2 3 3 3 3 2 2 3 1
0 90 175 60 5 6 1 6 1 100 140 90 90 140 90 0
1 0 1 0 0 0 2 1 3 0 0 0 2 2 0 0 3 1 2 3 0 0 2 0 1 1 3 3 0 3 0 2 2 2 3 0 0 1 2 1 0 0 1 2 3 1 3 3 2 2 3 1 3 2 0 1 0 0 1 3 1 0 3 0 0 3 2 0 0 2 1 2 1 2 0 1 1 3 3 2 1 0 0 1 2 0 1 2 2 1
0 0 1 0 0 0 2 1 3 0 0 0 2 2 0 0 3 1 2 2 0 0 2 0 1 1 3 3 0 3 0 2 2 2 3 0 0 1 2 1 0 0 1 2 3 1 3 3 2 2 3 1 3 2 0 1 0 0 1 3 1 0 3 0 0 3 2 0 0 2 1 2 1 2 0 1 1 3 3 2 1 0 0 1 2 0 1 2 2 1 0 0 3 2 2 3 0 2 2 0 1 3 2 0 3 0 1 0 2 3 2 0 1 2 1 0 0 0 0 0 1 1 2 1 3 0 1 1 3 3 1 1 0 2 2 1 0 1 1 0 0 3 3 0 0 2 2 0 1 3 0 1 3 0 1 2 3 3 3 1 0 0 3 2 3 0 2 1 2 3 3 3 2 0 1
0 70 176 40 5 6 1 6 1 100 85 70 70 85 70 0
0 0 3 3 0 3 1 2 3 3 2 3 2 2 2 3 1 1 3 3 1 2 1 2 0 1 1 1 0 0 3 2 1 2 2 0 0 1 0 1 1 1 3 0 3 2 2 1 1 0 1 3 1 3 0 2 1 2 3 2 3 1 0 2 1 2 1 1 1 3
3 0 3 3 0 3 1 2 3 3 2 3 2 2 2 3 1 1 2 3 1 2 1 2 0 0 1 1 0 0 3 2 1 2 2 0 0 1 0 1 1 1 3 0 3 1 2 1 1 0 1 3 0 3 0 2 1 2 3 2 3 1 0 2 1 2 1 1 1 3 3 3 0 1 2 0 2 1 3 3 2 2 1 1 2 1 2 3 0 3 3 3 1 1 1 2 0 0 2 2 1 1 3 2 1 3 0 2 2 1 1 2 3 2 0 1 3 0 2 2 1 3 2 3 3 2 0 1 1 2 2 0 3 2 1 0 1 3 3 2 2 3 1 2 1 0 2 0 1 1 3 0 1 3 2 3 0 1 2 2 0 1 2 1 3 2 1 2 3 1 2 3 2 0 3 2
0 61 177 59 5 6 1 6 1 100 105 61 61 105 61 0
1 1 2 1 2 3 1 2 1 0 0 2 1 2 1 1 2 1 0 2 3 1 0 1 1 2 3 1 3 0 0 0 3 0 3 2 3 1 3 2 2 1 1 2 1 1 0 3 3 0 3 3 2 1 0 0 2 3 0 2 3
0 1 2 1 2 3 1 2 1 0 0 2 1 2 1 1 2 1 0 2 3 1 0 1 1 2 3 1 3 0 0 0 3 0 2 2 3 1 3 2 2 1 1 2 1 1 3 3 3 0 3 3 2 1 0 0 2 3 0 2 3 0 2 0 2 2 1 0 1 2 0 1 0 3 3 2 1 2 0 1 2 3 0 1 1 3 3 1 2 2 1 2 1 0 2 0 1 2 3 3 2 2 1 1 0 0 0 1 2 2 2 1 2 2 0 1 0 0 2 2 3 1 1 0 0 2 3 1 2 3 1 0 0 0 3 3 2 2 1 0 3 3 2 2 1 2 2 0 1 2 0 1 3 0 3 3 2 2 2 0 1 2 1 1 2 0 0 3 3 2 3 1 3 1 3 0 0
0 52 178 38 5 6 1 6 1 100 85 52 52 85 52 0
2 0 0 2 1 3 0 3 3 0 1 1 3 3 2 3 3 3 3 3 3 0 2 1 2 2 1 3 1 2 0 2 1 3 0 3 3 3 1 3 3 1 0 2 1 2 3 1 3 3 2 1
1 0 0 2 1 3 0 3 3 0 1 1 3 3 2 3 3 3 3 3 3 0 2 1 2 2 1 3 1 2 0 2 1 3 0 3 3 3 1 3 3 1 0 2 1 2 3 1 3 3 2 1 2 1 3 3 1 2 2 1 2 2 1 1 3 3 3 3 1 0 0 0 3 3 1 0 2 1 1 2 3 3 0 2 0 1 0 3 0 0 0 0 0 1 2 1 1 1 1 3 3 2 3 2 0 0 0 2 2 0 1 2 3 2 1 1 0 3 0 0 3 2 0 0 0 3 1 2 2 3 1 0 0 0 0 3 2 3 0 1 1 3 1 2 3 3 3 0 3 0 1 0 2 3 2 0 2 3 1 0 2 1 1 2 1 0 2 3 1 0 0 2 3 0 0 2 3 1
0 92 179 30 5 6 1 6 1 100 117 92 92 117 92 0
1 1 2 0 1 1 0 3 3 0 1 3 0 2 1 2 3 3 1 0 0 0 0 3 3 0 3 0 2 1 1 3 3 1 2 1 1 1 0 0 2 3 1 2 2 3 1 0 1 0 2 1 3 3 2 0 1 2 1 0 0 2 0 0 0 0 3 3 0 1 0 0 1 1 3 0 1 3 3 0 0 3 2 2 3 1 3 1 2 1 1 0
0 1 2 0 1 1 0 3 3 0 1 3 0 2 1 2 3 3 1 0 0 0 0 3 3 0 3 0 2 1 1 3 3 1 2 1 1 1 0 0 2 3 1 2 2 3 1 0 1 0 2 1 3 3 2 0 1 2 1 0 0 2 0 0 0 0 3 3 0 1 0 0 1 1 3 0 1 3 3 0 0 3 2 2 3 1 3 1 2 1 1 0 3 2 1 0 2 2 2 3 0 0 2 1 2 1 2 0 0 2 1 2 1 3 0 0 3 3 2 3 0 3 1 3 2 3 0 3 3 0 0 0 0 2 2 2 2 3 2 1 1 2 1 1 0 3 3 2 2 3 0 3 2 1 2 0 0 0 2 0 1 1 1 0 0 3 2 2 3 2 3 0 2 1 3 2 3 1 0
0 73 180 38 5 6 1 6 1 100 96 73 73 96 73 0
2 3 1 1 2 0 0 2 3 0 0 0 0 1 3 1 0 1 1 1 0 2 3 3 2 1 3 3 3 3 2 3 3 2 2 3 1 3 3 2 2 0 2 0 1 2 0 0 2 3 0 0 2 3 1 3 3 3 3 1 0 3 0 0 2 0 2 1 1 2 1 0 0
1 3 1 1 2 0 0 2 3 0 0 0 0 1 3 1 0 1 1 1 0 2 3 3 2 1 2 3 3 3 2 3 3 2 2 3 1 3 3 2 2 0 2 0 1 2 0 0 2 3 0 0 2 3 1 2 3 3 3 1 0 3 0 0 2 0 2 1 1 2 1 0 0 1 3 2 3 3 0 3 2 1 0 0 1 2 1 0 1 3 3 3 3 2 2 3 3 3 1 3 1 1 0 1 2 2 3 2 1 2 3 0 0 1 3 0 1 0 0 3 0 0 0 2 3 1 0 2 0 1 0 3 0 0 0 2 1 3 1 2 3 0 3 0 2 1 0 2 1 3 1 2 2 1 2 1 2 3 1 1 0 1 2 1 0 3 3 0 3 0 0 2 2 3 2 2 1 0 2 3
0 93 181 57 5 6 1 6 1 100 135 93 93 135 93 0
1 0 3 2 2 3 0 0 2 2 3 2 2 0 3 0 3 2 2 1 1 1 2 1 0 2 2 1 2 2 3 1 3 0 1 3 1 2 2 2 1 2 1 1 0 1 2 0 1 1 1 1 1 0 2 1 2 3 2 0 1 3 3 2 1 3 3 1 1 1 0 0 0 1 0 1 2 2 1 3 0 0 2 0 1 2 3 3 3 3 3 2 3
0 0 3 2 2 3 0 0 2 2 3 2 2 0 3 0 3 2 2 1 1 1 2 1 0 2 2 1 2 2 3 1 3 0 1 3 1 2 2 2 1 2 1 1 0 1 2 0 1 1 1 0 1 0 2 1 2 3 2 0 1 3 3 2 1 3 3 1 0 1 0 0 0 1 0 1 2 2 1 3 0 0 2 0 1 2 3 3 3 3 3 2 3 1 0 0 2 2 2 1 1 3 3 3 0 0 1 0 2 1 3 0 0 0 0 0 3 2 2 0 1 2 2 1 2 2 1 1 3 3 1 1 2 0 1 2 0 2 0 0 3 0 2 1 2 2 0 1 1 2 1 1 0 3 1 0 1 3 2 3 3 0 2 3 3 3 3 3 3 2 3 1 0 3 2 1 2 2 1 1 3
0 94 183 27 5 6 1 6 1 100 96 94 94 96 94 0
1 2 1 0 0 0 0 3 0 2 0 1 0 0 1 0 0 0 1 0 2 1 1 0 1 3 3 2 1 2 0 2 0 2 2 0 1 3 1 0 3 1 1 3 2 3 3 3 0 3 2 1 2 2 1 1 1 3 1 2 1 1 3 0 0 0 1 3 3 2 1 0 0 1 2 1 3 3 1 2 3 3 2 1 1 2 2 2 1 1 3 1 1 1
0 0 1 0 0 0 0 3 0 2 0 1 0 0 1 0 0 0 1 0 2 1 1 0 1 3 3 2 3 2 0 2 0 2 2 2 1 3 1 0 3 1 1 3 2 3 3 3 0 2 2 1 2 2 1 1 1 3 1 2 1 1 3 0 0 0 1 3 3 2 1 0 0 1 2 1 3 3 1 2 3 3 2 1 1 2 2 2 1 1 3 1 1 1 0 1 1 2 1 1 1 2 3 1 1 3 2 1 2 2 2 1 2 2 3 0 3 3 3 2 0 1 2 2 3 1 3 2 3 0 2 3 3 3 0 2 3 3 1 2 1 3 3 3 1 1 2 2 3 0 2 2 1 3 3 3 1 1 3 0 1 1 2 2 0 0 0 0 0 1 2 0 0 0 0 2 1 3 3 2 0 3 3
0 94 183 56 5 6 1 6 1 100 130 94 94 130 94 0
0 1 3 1 3 1 0 2 3 2 2 0 3 2 2 1 2 0 0 0 1 3 3 2 0 1 3 2 2 1 0 0 3 2 2 1 1 2 1 2 0 0 0 0 1 3 0 1 3 3 1 0 3 2 3 1 3 3 0 1 0 0 0 1 2 2 1 0 3 0 2 1 0 1 2 3 1 3 3 2 1 1 2 1 1 2 0 1 2 1 2 1 1 0
3 1 3 1 3 1 0 2 3 2 2 0 3 2 2 1 2 0 0 0 1 3 3 2 0 1 3 2 2 1 0 0 3 2 2 1 1 2 1 1 0 0 0 0 1 3 0 1 3 3 1 0 3 2 3 1 3 3 0 1 0 0 0 1 1 2 1 0 3 0 2 1 0 1 2 3 1 3 3 2 1 1 2 1 0 2 0 1 2 1 2 1 1 0 0 1 1 0 1 2 2 2 3 1 0 0 2 2 3 0 3 0 3 1 1 2 1 0 0 3 0 2 1 3 0 1 0 0 2 1 1 1 3 3 2 0 1 3 2 1 2 3 1 3 0 2 0 0 0 3 1 0 0 0 0 1 3 0 1 0 0 0 1 2 0 0 0 2 1 2 1 0 3 3 0 2 3 3 2 1 1 3 1
0 94 183 56 5 6 1 6 1 100 140 94 94 140 94 0
1 0 2 3 0 1 2 3 3 1 3 1 3 1 3 1 3 0 0 1 1 1 2 3 3 0 3 1 3 3 0 2 3 0 1 2 3 1 0 0 2 1 2 1 2 1 2 3 3 0 1 1 0 1 1 3 3 2 1 2 0 2 0 0 2 2 3 0 2 3 2 1 3 0 2 3 3 2 0 1 0 0 1 2 0 1 3 2 1 0 0 2 2 0
0 0 2 3 0 1 2 3 3 1 3 1 3 1 3 1 3 0 0 1 1 1 2 3 3 0 3 1 3 3 0 2 3 0 1 2 3 1 0 0 2 1 2 1 2 1 2 3 3 0 1 1 0 1 1 2 3 2 1 2 0 2 0 0 2 2 3 0 2 3 2 1 3 0 2 3 3 2 0 1 0 0 1 2 0 1 3 2 1 0 0 2 2 0 1 3 0 1 1 2 1 3 0 2 2 3 1 2 1 2 2 3 1 2 1 0 1 1 2 1 1 0 1 3 1 0 0 1 0 0 2 3 3 2 2 3 1 1 1 0 3 0 2 2 3 2 2 3 1 0 0 1 0 0 1 0 0 1 3 0 2 3 0 1 1 2 0 3 3 1 3 0 1 3 2 1 2 2 2 2 0 1 2
0 95 185 37 5 6 1 6 1 100 122 95 95 122 95 0
0 3 2 0 2 3 3 1 3 3 3 2 1 2 2 3 1 1 0 0 2 0 2 0 2 3 2 0 1 3 3 0 2 3 1 1 2 0 1 0 0 3 3 0 2 3 0 3 3 3 0 3 3 1 3 2 2 3 2 1 1 1 2 2 3 2 1 1 3 1 1 2 0 3 0 2 3 3 0 1 0 0 1 3 1 0 3 0 0 0 0 0 3 3 3
3 3 2 0 2 3 3 1 3 3 3 2 1 1 2 3 1 1 0 0 2 0 2 0 2 3 2 0 1 3 3 0 2 3 1 1 2 0 1 0 0 3 3 0 2 3 0 3 3 3 0 3 3 1 3 2 2 3 2 1 1 1 2 2 3 2 1 1 3 1 1 2 0 3 0 2 3 3 0 1 0 0 1 3 1 0 3 0 0 0 0 0 3 3 3 2 2 3 1 2 1 2 2 3 2 3 2 3 3 3 1 2 1 2 1 2 0 0 3 2 2 0 1 2 2 1 2 1 1 3 1 3 0 2 1 3 0 2 2 1 3 2 0 0 3 0 2 1 0 2 1 3 0 0 1 2 1 2 0 1 1 2 3 3 3 0 0 0 0 2 2 0 1 1 1 1 3 0 3 0 0 2 0 0 0
0 95 185 55 5 6 1 6 1 100 130 95 95 130 95 0
1 3 3 0 3 2 1 3 3 0 0 0 1 3 3 0 3 1 2 1 3 2 2 0 1 3 3 1 0 3 0 2 1 2 3 0 1 1 0 2 1 2 0 1 2 0 0 0 0 3 0 2 2 1 2 3 1 2 1 1 1 3 1 1 3 3 0 0 0 2 1 2 1 2 3 0 3 0 0 1 0 3 1 3 3 3 3 0 0 3 1 2 1 0 0
0 3 3 0 3 2 1 3 2 0 0 0 1 3 3 0 3 1 2 1 3 2 2 0 1 3 3 1 0 3 0 2 1 2 3 0 1 1 0 2 1 2 0 1 2 0 0 0 0 3 0 2 2 1 1 3 1 2 1 1 1 3 1 1 3 3 0 0 0 2 1 2 1 2 3 0 3 0 0 1 0 3 1 3 3 3 3 3 0 3 1 2 1 0 0 0 2 1 2 1 3 0 2 1 2 2 3 1 1 0 3 3 0 0 1 0 1 0 1 1 0 0 1 3 1 1 2 0 0 1 0 0 0 2 3 2 3 3 2 2 2 1 2 3 2 2 0 1 2 1 3 0 1 0 2 1 2 0 0 0 2 1 1 0 0 2 2 3 1 3 2 1 0 0 1 3 3 0 3 1 1 1 1 1 2
0 96 187 53 5 6 1 6 1 100 134 96 96 134 96 0
0 1 3 0 0 0 2 1 3 0 3 3 3 0 2 0 2 0 1 1 1 0 0 3 0 0 1 0 1 2 3 1 0 0 0 3 0 1 1 0 0 2 2 3 3 3 3 0 2 1 2 2 0 0 0 0 1 2 0 1 0 3 0 3 0 3 2 0 2 3 2 3 1 2 3 0 3 3 2 0 1 0 3 0 3 0 3 2 3 2 2 2 3 1 1 1
3 1 3 3 0 0 2 1 3 0 3 3 3 0 2 0 2 0 1 1 0 0 0 3 0 0 1 0 1 2 3 1 0 0 0 3 0 1 1 0 0 2 2 3 3 3 3 0 2 1 2 2 0 0 0 0 1 2 0 1 0 3 0 3 0 3 2 0 2 3 2 3 1 2 3 0 3 3 2 0 1 0 3 0 3 0 3 2 3 2 2 2 3 1 1 1 1 1 2 1 1 3 3 0 1 3 3 3 1 2 1 0 0 3 3 2 1 1 2 2 3 1 1 2 3 3 2 3 3 1 3 1 1 0 1 0 0 0 1 3 0 2 0 2 3 0 2 2 1 0 1 3 0 2 3 2 3 0 2 3 1 2 2 3 1 3 2 3 1 1 0 3 0 1 2 2 1 2 2 1 3 2 1 2 1 0 1
0 62 188 41 5 6 1 6 1 100 98 62 62 98 62 0
0 3 0 3 0 2 1 2 1 2 3 3 0 0 1 3 2 1 1 0 1 3 3 0 2 1 0 0 3 0 2 3 1 3 3 3 2 0 1 2 0 2 1 1 0 3 2 0 2 3 1 0 3 2 3 0 2 3 1 0 3 3
3 3 0 3 0 2 1 2 1 2 3 3 0 0 1 3 2 1 1 0 1 3 3 0 2 1 0 0 3 0 2 3 1 3 3 3 2 0 1 2 0 2 1 1 0 3 2 0 2 3 1 0 3 2 3 0 2 3 1 0 3 3 1 2 3 3 1 3 1 0 3 2 1 3 0 2 3 1 1 2 0 2 0 1 1 2 0 1 3 0 1 2 1 2 3 3 2 3 1 1 2 1 3 3 0 1 2 0 1 2 1 1 0 3 3 2 0 1 2 1 1 2 1 3 3 3 1 2 0 1 2 2 1 0 0 1 3 3 3 2 0 1 2 1 2 1 1 3 0 2 3 3 0 2 0 1 1 2 0 0 3 2 3 2 2 3 3 3 1 0 2 3 2 2 0 2 0 2 2 1 3 0 0 3 1 2 1 1
0 76 189 41 5 6 1 6 1 100 92 76 76 92 76 0
1 2 0 0 1 2 3 0 0 2 2 3 1 3 1 1 1 2 3 3 2 1 0 1 1 2 1 0 0 0 0 0 2 1 2 0 1 2 0 2 2 3 1 2 2 0 1 3 2 1 2 1 2 2 3 1 1 1 3 3 0 1 1 2 3 0 3 1 2 2 1 1 2 1 0 0
0 1 0 0 1 2 3 0 0 2 2 3 1 3 1 1 1 2 3 3 2 1 0 1 1 2 1 0 0 0 0 0 2 1 2 0 1 2 0 2 2 2 1 2 2 0 1 3 2 1 2 1 2 2 3 1 1 1 3 3 3 1 1 2 3 0 3 1 2 1 1 1 2 1 0 0 0 0 0 2 0 1 0 0 0 1 2 3 1 2 1 0 2 1 2 2 1 0 0 3 1 2 1 2 3 0 0 0 2 2 2 2 3 1 0 1 1 1 3 0 0 0 1 2 1 2 3 2 1 2 0 0 3 2 1 1 0 0 1 1 3 3 0 3 0 2 0 3 3 2 1 3 3 1 0 2 3 2 2 0 1 1 2 3 1 3 0 1 2 0 0 1 2 3 2 2 3 0 1 0 3 3 3 2 1 2 2 3 1
0 97 189 53 5 6 1 6 1 100 140 97 97 140 97 0
3 1 0 0 1 2 1 2 2 3 3 0 2 2 2 1 0 2 0 0 2 1 0 2 0 1 1 2 0 1 0 3 3 0 0 0 2 3 1 3 1 2 1 0 1 3 2 3 2 3 1 3 1 0 0 0 1 2 2 1 3 2 0 1 1 2 3 0 2 0 1 0 0 3 0 2 0 2 3 3 2 1 0 1 0 3 0 3 0 2 2 2 2 1 1 0 3
2 1 0 0 1 2 1 2 2 3 3 0 2 2 2 1 0 2 0 0 2 1 0 2 0 1 1 2 0 1 0 3 3 0 0 0 2 3 1 3 1 2 1 0 0 3 2 3 2 3 1 3 1 0 0 0 1 2 2 1 3 2 0 1 1 2 3 0 2 0 1 0 0 3 0 2 0 2 3 3 2 1 0 1 0 3 0 3 0 2 2 2 2 1 1 0 3 3 2 0 0 2 2 2 2 0 0 0 2 3 2 3 0 0 1 3 0 1 3 3 1 0 2 3 1 1 0 1 3 3 3 0 0 0 2 0 0 0 0 1 2 3 2 0 1 1 0 0 0 1 2 3 1 1 2 3 3 3 0 2 1 2 0 2 2 2 0 2 0 2 2 1 2 1 2 3 1 1 2 1 0 0 0 2 3 2 0 0 0
0 97 189 53 5 6 1 6 1 100 135 97 97 135 97 0
3 0 1 3 2 0 3 3 1 2 1 0 3 2 0 2 2 2 2 3 0 2 2 2 2 1 1 1 2 3 3 0 3 3 1 1 1 2 1 2 1 0 1 2 2 2 0 3 0 2 2 3 2 0 0 0 0 0 0 1 2 2 2 1 0 2 2 3 0 3 0 0 2 3 3 2 1 1 2 0 0 2 0 0 0 1 3 1 1 3 1 0 0 2 3 0 0
2 0 1 3 2 0 3 3 1 2 0 0 3 2 0 2 2 2 2 3 0 2 2 2 2 1 1 1 2 3 3 0 3 3 1 1 1 2 1 2 1 0 1 2 1 2 0 3 0 2 2 3 2 0 0 0 0 0 0 1 2 2 2 1 0 2 2 3 0 3 0 0 2 3 3 2 1 1 2 0 0 2 0 0 0 1 3 1 1 3 1 0 0 2 3 0 0 0 0 2 2 3 0 2 1 0 0 0 0 2 0 0 1 2 2 1 3 1 2 3 1 1 2 1 2 0 1 1 3 1 0 0 2 0 0 0 3 3 0 2 0 1 2 0 0 2 3 0 1 1 2 1 1 2 3 1 2 3 3 1 0 0 2 3 1 3 1 1 2 3 1 1 3 3 2 3 3 2 2 0 1 0 0 2 0 2 2 1 1
0 83 190 28 5 6 1 6 1 100 96 83 83 96 83 0
2 3 3 2 1 2 1 3 3 1 1 2 2 3 1 3 3 2 2 3 2 1 1 3 1 0 3 3 2 2 3 1 2 1 3 3 3 3 0 2 3 3 2 2 3 0 3 2 1 1 0 2 0 2 2 2 3 1 0 2 1 1 0 3 3 0 1 2 2 1 0 0 0 0 1 1 1 1 1 0 3 2 3
1 3 3 2 1 2 1 3 3 1 1 2 2 3 1 3 3 2 2 3 2 1 1 3 1 0 3 3 2 2 3 1 2 1 3 3 3 3 0 2 3 3 2 2 3 0 3 2 1 1 0 2 0 1 2 2 3 1 0 2 1 1 0 3 3 0 1 2 2 1 0 0 0 0 1 1 1 0 1 0 3 2 3 0 2 0 2 3 3 2 3 3 2 0 0 0 3 2 2 1 2 0 2 3 2 1 3 0 1 2 2 1 2 2 1 3 1 1 3 0 3 2 3 1 2 2 1 3 3 1 2 2 1 0 0 3 1 0 2 3 0 2 3 0 2 3 1 1 3 3 2 3 0 2 2 2 0 0 1 0 1 2 3 2 0 1 1 2 1 2 1 3 3 0 0 1 2 2 1 1 1 2 0 3 3 2 0 0 2 0
0 82 192 25 5 6 1 6 1 100 92 82 82 92 82 0
2 1 1 3 1 0 3 1 3 1 0 1 2 0 2 1 3 2 3 2 2 0 2 3 3 2 2 1 2 3 3 2 3 1 1 2 0 2 1 2 0 3 0 3 2 2 3 2 0 3 2 1 2 0 0 1 3 0 2 3 2 2 2 3 0 2 1 0 0 1 2 0 1 3 2 2 0 1 0 1 2 1
1 1 1 3 1 0 3 1 3 1 0 1 2 0 2 1 3 2 3 2 2 0 2 3 3 2 1 1 1 3 3 2 3 1 1 2 0 2 1 2 0 3 0 3 2 2 3 2 0 3 2 1 2 0 0 1 3 0 2 3 2 2 2 3 0 2 1 0 0 1 2 0 1 3 2 2 0 1 0 1 2 1 1 2 1 1 3 1 0 1 2 3 0 0 3 2 2 1 3 3 1 3 1 1 1 3 0 0 0 0 0 2 0 1 2 1 0 3 1 0 1 2 0 1 2 2 3 1 3 1 2 3 1 3 0 0 1 1 0 3 3 0 1 1 0 0 0 0 3 2 1 1 3 1 2 0 1 1 2 3 0 0 3 3 1 2 3 0 1 1 1 2 0 1 1 2 3 0 0 0 3 2 1 0 0 0 1 2 1 1 3 2
0 99 193 38 5 6 1 6 1 100 117 99 99 117 99 0
3 3 0 0 2 3 0 2 0 3 2 3 1 0 0 0 2 3 1 1 0 0 1 2 2 1 0 0 3 2 0 1 1 0 1 2 2 0 3 3 3 3 1 0 1 2 2 1 2 2 3 2 2 1 3 1 0 0 3 2 2 1 2 0 3 2 2 1 2 1 0 3 1 0 0 2 2 1 2 1 0 2 3 2 2 2 0 0 2 3 0 0 0 2 2 2 2 2 3
2 3 0 0 2 3 0 2 3 3 2 3 1 0 0 0 2 3 1 1 0 0 1 2 2 1 0 0 3 2 0 1 0 0 1 2 2 0 3 3 3 3 1 0 1 2 2 1 2 2 3 2 2 1 3 1 0 0 3 2 2 1 2 0 3 2 2 1 2 1 0 3 1 0 0 2 2 1 2 1 0 2 3 2 2 1 0 0 2 3 0 0 0 2 2 2 2 2 3 1 2 1 0 2 0 0 2 0 1 2 3 0 2 3 1 0 0 2 2 3 2 3 0 2 1 1 1 2 3 0 2 3 1 0 0 2 0 0 0 2 3 1 0 0 0 2 3 1 0 2 1 3 2 1 3 1 2 2 0 1 3 3 0 3 0 2 0 1 2 2 2 1 2 2 2 2 0 1 2 3 0 2 1 1 2 0 0 0 0 0 3 0 2
0 99 193 51 5 6 1 6 1 100 140 99 99 140 99 0
3 2 1 3 2 1 2 2 0 1 2 2 1 0 0 0 2 2 3 3 0 1 2 2 3 0 2 2 0 1 1 0 0 2 3 2 3 3 0 3 3 3 3 3 3 1 1 0 1 1 2 2 2 1 2 0 1 1 2 3 1 0 2 1 1 0 3 0 2 1 0 1 3 0 0 3 2 3 2 2 1 0 2 2 2 3 0 3 3 2 2 2 1 2 2 1 1 3 3
2 2 1 3 2 1 2 2 0 1 2 2 1 0 0 0 2 2 3 3 0 1 2 2 3 0 2 2 0 1 1 0 0 2 3 2 3 3 0 3 3 3 3 3 3 1 1 0 1 1 2 2 2 1 2 0 1 1 2 3 1 3 2 1 1 0 3 0 2 1 0 1 3 0 0 3 2 3 2 2 1 0 2 2 2 3 0 3 3 2 2 2 1 2 2 1 1 3 3 1 3 0 1 1 0 1 1 3 3 0 2 3 3 3 0 3 2 3 3 0 2 2 1 2 2 3 3 3 0 1 1 0 1 1 2 2 2 1 1 2 0 1 3 0 3 2 2 3 3 2 1 0 2 3 2 0 3 3 3 1 0 1 1 0 1 1 3 3 1 3 2 3 1 1 1 2 2 3 3 2 1 2 3 2 0 1 2 0 1 1 2 2 1
0 86 194 26 5 6 1 6 1 100 92 86 86 92 86 0
1 0 0 1 1 3 0 3 1 1 2 2 0 1 0 2 1 0 0 2 1 2 3 1 1 2 3 0 1 2 0 1 1 0 1 2 0 0 0 0 2 0 2 3 2 0 1 1 2 2 1 1 0 3 3 1 0 3 0 2 0 3 2 0 2 1 3 0 3 0 0 2 3 1 3 2 2 1 2 1 1 2 1 0 0 0
0 0 0 1 1 3 0 3 1 1 2 2 0 1 0 1 1 0 0 2 1 2 3 1 1 2 3 0 1 2 0 1 1 0 1 2 0 0 0 0 2 0 2 3 2 0 1 1 2 1 1 1 0 3 3 1 3 3 0 2 0 3 2 0 2 1 3 0 3 0 0 2 3 1 3 2 2 1 2 1 1 2 1 0 0 0 0 1 2 2 0 0 1 0 1 0 1 2 0 0 1 2 0 2 0 1 1 2 2 3 3 2 3 1 2 1 1 2 3 1 0 3 3 2 0 1 0 0 3 3 1 2 1 2 0 0 1 2 3 0 1 3 0 2 1 2 1 1 1 2 1 0 0 2 2 1 1 2 1 2 3 0 1 1 1 2 3 0 0 0 2 0 1 3 0 1 3 0 0 1 0 1 1 2 1 0 1 1 3 0 1 2 0 1
0 100 195 20 5 6 1 6 1 100 105 100 100 105 100 0
2 3 2 0 1 2 3 1 0 1 2 2 3 0 2 0 1 1 2 2 0 1 2 2 3 0 0 2 2 1 2 0 0 2 0 1 3 0 0 1 3 0 1 1 0 1 2 2 3 3 3 3 0 1 3 2 2 2 0 1 0 1 1 3 0 0 0 2 1 1 0 2 2 0 2 1 1 0 2 0 1 1 2 3 1 1 2 1 1 0 2 0 1 1 0 3 3 0 2 1
1 3 2 0 1 1 3 1 0 1 2 2 3 0 2 0 1 1 2 2 0 1 2 2 3 0 0 2 2 1 2 0 0 2 0 1 3 0 0 1 3 3 1 1 0 1 2 2 3 3 3 3 0 1 3 2 2 2 0 1 0 1 1 3 0 0 0 2 1 1 0 2 2 0 2 1 1 0 2 0 1 1 2 3 1 1 2 1 1 0 2 0 1 1 0 3 3 0 2 1 1 3 0 0 1 2 0 1 1 2 3 1 1 0 0 0 0 1 2 3 2 1 2 3 2 2 0 0 2 1 1 3 1 1 0 0 1 1 3 0 3 1 2 2 3 3 2 2 3 2 1 0 2 1 2 1 2 0 1 1 0 2 0 0 0 3 0 0 1 3 3 1 0 1 3 0 2 2 1 2 1 1 2 3 2 3 2 2 0 3 0 2 1 0 2
0 100 195 20 5 6 1 6 1 100 105 100 100 105 100 0
3 3 3 3 2 1 2 3 1 2 1 2 2 1 2 3 1 2 2 0 1 1 2 1 1 3 0 3 2 2 2 0 0 2 3 1 2 3 1 0 2 2 1 1 2 1 1 2 1 3 3 1 3 2 1 1 0 1 1 2 3 1 0 1 0 1 1 0 1 1 0 2 2 2 1 2 2 1 1 0 1 2 0 1 1 0 1 2 3 1 3 0 1 2 0 2 1 3 2 2
3 3 3 3 2 1 2 3 1 2 1 2 2 1 2 3 1 2 2 0 1 1 2 1 1 3 0 1 2 1 2 0 0 2 3 1 2 3 1 0 2 2 1 1 2 1 1 2 1 3 3 1 3 2 1 1 0 1 1 2 3 1 0 1 0 1 1 0 1 0 0 2 2 2 1 2 2 1 1 0 1 2 0 1 1 0 1 2 3 1 3 0 1 2 0 2 1 3 2 2 1 1 2 0 1 1 3 3 3 1 0 1 3 3 3 0 2 2 0 1 1 2 0 1 3 2 2 1 1 1 0 1 3 1 0 1 3 1 1 3 3 3 1 2 2 1 2 2 1 2 0 1 1 2 0 1 1 2 3 0 2 1 0 1 2 1 1 2 2 0 1 3 2 2 1 0 1 1 3 1 2 3 1 3 0 1 2 3 3 3 3 2 2 3 1
0 100 195 50 5 6 1 6 1 100 145 100 100 145 100 0
0 1 1 3 3 3 1 3 0 0 1 2 3 1 1 3 3 1 0 2 1 3 3 1 2 3 2 1 1 3 0 3 1 2 2 1 3 1 0 0 1 2 3 1 3 1 0 3 0 1 2 3 1 2 1 0 0 2 2 0 0 1 2 3 3 2 1 2 2 0 0 3 3 2 1 3 0 1 2 2 0 1 0 0 1 0 1 1 1 3 2 0 1 2 0 2 3 0 3 1
3 1 1 3 3 3 1 3 0 0 1 2 3 1 1 3 3 1 0 2 1 3 3 1 2 3 2 1 1 3 0 3 1 2 2 1 3 1 0 0 1 2 3 1 3 1 0 3 0 1 2 3 1 2 1 0 0 2 2 0 0 1 2 3 3 2 1 2 2 0 0 3 3 2 1 3 0 1 2 2 0 1 0 0 1 0 1 1 1 3 2 0 1 2 0 2 3 0 3 1 2 3 1 0 1 0 0 0 3 0 0 1 0 0 2 1 3 0 0 2 0 0 1 3 3 1 2 0 2 0 0 1 3 3 2 3 3 1 1 1 1 2 1 3 1 0 1 1 2 1 0 0 3 3 1 3 1 0 1 1 0 0 1 0 0 1 3 0 0 0 0 0 0 1 2 3 2 0 1 1 2 3 1 1 3 0 0 3 2 3 2 0 2 1 2
0 78 197 45 5 6 1 6 1 100 113 78 78 113 78 0
1 2 3 1 2 2 0 0 0 1 2 1 2 2 0 0 0 0 0 0 2 3 0 0 1 2 1 1 0 0 1 0 1 0 0 3 1 1 1 3 0 1 3 0 0 1 1 2 0 3 0 1 0 3 2 2 1 3 3 0 1 0 0 1 3 3 2 3 1 0 2 0 3 2 1 2 3 3
0 2 3 1 2 2 0 0 0 1 2 1 1 2 0 0 0 0 0 0 2 3 0 0 1 2 1 1 0 0 1 0 1 0 0 3 1 1 1 3 0 1 3 0 0 1 1 2 0 3 0 1 0 3 2 2 1 3 3 0 1 0 0 1 3 3 2 3 1 0 2 0 3 2 1 2 3 3 1 2 2 2 0 3 0 0 3 1 1 0 3 0 1 2 3 1 0 0 0 3 0 0 3 0 1 3 0 0 1 2 0 2 0 3 2 2 3 3 2 0 2 0 1 0 0 0 0 0 2 3 0 1 1 0 3 3 2 1 2 0 1 3 0 0 2 0 2 0 3 2 0 0 2 2 1 0 0 0 2 0 3 0 2 1 2 2 0 2 3 3 0 1 1 0 1 3 2 3 2 1 2 0 1 2 1 2 3 1 1 3 0 2 2 3 1 3 0
0 101 197 49 5 6 1 6 1 100 130 101 101 130 101 0
3 2 2 3 3 2 2 0 3 2 0 2 0 1 0 3 3 0 0 0 0 2 1 2 0 1 2 1 2 0 1 1 0 1 2 1 3 0 2 1 1 0 1 3 2 2 3 1 3 1 2 0 0 0 1 0 2 1 3 0 3 0 3 3 2 0 1 3 2 2 3 1 2 1 1 0 0 0 2 1 2 3 3 2 3 0 0 1 2 1 2 1 2 2 3 2 0 0 2 2 1
2 2 2 3 3 2 2 3 3 2 3 2 0 1 0 3 3 0 0 0 0 2 1 1 0 1 2 1 2 0 1 1 0 1 2 1 3 0 2 1 1 0 1 3 2 2 3 1 3 1 2 0 0 0 1 0 2 1 3 0 3 0 3 3 2 0 1 3 2 2 3 1 2 1 1 0 0 0 2 1 2 3 3 2 3 0 0 1 2 1 2 1 2 2 3 2 0 0 2 2 1 1 0 1 3 1 1 0 3 3 3 2 3 1 1 2 0 1 0 2 2 0 1 1 0 3 1 2 2 1 0 0 0 0 0 3 3 1 2 0 0 2 1 3 2 3 3 2 3 2 2 0 0 2 2 3 2 0 1 2 0 1 1 0 2 3 1 3 0 0 0 1 3 0 0 0 2 0 2 2 2 2 3 1 1 2 2 3 2 2 0 1 3 0 2 2 3
0 90 198 22 5 6 1 6 1 100 92 90 90 92 90 0
2 0 1 3 3 1 1 0 1 3 0 0 0 3 2 0 1 3 0 0 1 0 2 1 3 0 3 1 2 2 3 0 3 0 0 3 2 2 1 2 2 3 1 2 2 3 0 1 1 0 1 3 0 3 0 0 1 0 2 3 0 2 1 2 0 1 2 0 1 0 0 1 3 2 1 1 2 1 3 1 0 0 0 3 2 1 1 0 1 3
1 0 1 3 2 1 1 0 1 3 0 0 0 3 2 0 1 3 0 0 1 0 2 1 3 0 3 1 2 1 2 0 3 0 0 3 2 2 1 2 2 3 1 2 2 3 0 1 1 0 1 3 0 3 0 0 1 0 2 3 0 2 1 2 0 1 2 0 1 0 0 1 3 2 1 1 2 1 3 1 0 0 0 3 2 1 1 0 1 3 3 3 3 3 3 0 0 1 2 3 3 2 0 3 2 1 2 2 2 1 3 2 1 1 0 3 2 3 1 2 0 0 3 0 0 2 2 2 3 0 1 3 3 2 3 1 2 1 2 1 0 3 2 0 2 1 2 2 2 3 0 0 3 2 2 3 0 2 3 1 0 3 1 0 1 3 3 1 3 0 3 2 1 2 0 1 1 3 0 1 0 2 0 0 0 1 1 0 1 0 1 1 0 1 3 0 2 2
0 74 199 55 5 6 1 6 1 100 114 74 74 114 74 0
3 1 1 3 3 0 1 1 2 3 1 3 3 1 2 2 0 3 0 1 3 2 1 0 1 3 2 3 2 0 0 1 2 1 2 2 1 2 3 2 0 2 0 2 2 1 2 0 2 1 1 3 2 2 1 3 0 0 1 2 3 2 0 1 1 2 1 1 2 0 0 1 2 2
2 1 1 3 3 0 1 1 2 3 1 3 3 1 2 2 0 3 0 1 3 2 1 0 1 3 2 2 2 0 0 1 2 1 2 2 1 2 3 2 0 1 0 2 2 1 2 0 2 1 1 3 2 2 1 3 0 0 1 2 3 2 0 1 1 2 1 1 2 0 0 1 2 2 0 1 2 3 0 3 0 2 1 3 2 0 0 0 1 0 0 0 2 2 0 3 0 3 3 2 1 2 2 1 0 3 2 0 0 2 3 1 1 3 3 2 3 3 3 1 0 3 0 1 1 1 3 3 0 0 2 3 0 0 3 2 3 3 2 3 3 3 1 1 2 1 2 1 1 3 1 0 0 3 2 0 2 1 3 2 0 0 0 1 0 1 3 3 3 3 3 2 3 3 3 1 3 3 1 3 2 0 0 2 3 1 2 3 0 1 1 0 2 1 1 2 1 1 2
0 102 199 48 5 6 1 6 1 100 126 98 98 125 102 0
1 3 0 0 2 0 0 1 3 0 2 3 1 3 2 1 3 0 3 1 2 2 3 0 2 0 0 2 1 1 2 3 3 0 3 2 2 0 0 2 0 0 1 2 0 2 3 1 2 3 3 0 0 0 0 0 1 2 2 1 2 0 3 2 1 1 0 1 3 0 2 3 0 1 3 1 0 2 2 2 3 1 2 1 2 2 0 1 2 1 2 3 0 1 2 0 2 3 2 2 0 1
0 3 0 0 2 3 0 1 3 0 2 3 1 3 2 1 3 0 3 1 2 2 3 0 2 0 0 2 1 1 2 3 3 0 3 2 2 0 0 2 0 0 1 2 0 2 3 1 2 3 3 0 0 0 0 0 1 2 2 1 2 0 3 2 1 1 0 1 3 0 2 3 0 1 2 1 0 2 2 2 3 1 2 1 2 2 0 1 2 0 2 3 0 1 2 0 2 3 1 2 0 1 3 1 3 2 1 0 2 1 0 0 2 3 2 3 1 0 2 1 1 3 3 0 1 3 1 1 3 0 3 0 0 2 1 1 3 3 0 1 3 0 2 3 1 3 3 0 3 0 1 2 1 0 0 1 1 2 1 2 0 0 1 2 1 1 2 1 3 3 3 0 3 0 2 1 2 1 3 3 3 2 1 2 2 1 0 0 3 2 2 3 1 3 0 2 3 0 2
0 103 201 34 5 6 1 6 1 100 122 103 103 122 103 0
3 3 3 1 2 2 0 2 2 2 3 2 2 0 3 0 2 2 0 3 2 3 2 3 0 2 3 3 1 1 3 0 2 3 3 0 1 0 0 2 3 1 0 1 0 2 3 3 1 2 0 3 0 3 1 0 3 3 3 1 1 0 0 2 3 2 1 1 1 1 0 2 0 0 0 2 2 1 0 2 0 0 1 2 2 1 2 1 2 1 0 3 2 3 2 0 1 2 3 0 2 0 0
0 3 3 1 2 2 0 2 2 2 3 2 2 0 3 0 2 2 0 3 2 3 2 3 0 2 3 3 1 1 2 0 2 3 3 0 1 0 0 2 3 1 0 1 0 2 3 3 1 2 0 3 0 3 1 0 3 3 3 1 1 0 0 2 3 2 1 1 1 1 0 2 0 0 0 2 2 1 0 2 0 0 1 2 2 1 2 1 1 1 0 3 2 3 2 0 1 2 3 0 2 0 0 2 3 2 3 1 2 1 3 1 0 0 2 3 3 0 0 0 2 3 2 0 1 3 1 0 2 0 2 1 1 1 0 1 1 3 1 3 2 3 1 2 2 0 1 1 2 2 3 0 2 3 0 0 3 2 1 2 2 3 0 0 2 1 0 1 2 3 1 1 0 2 1 1 3 3 2 0 0 3 2 2 2 1 3 2 3 3 1 1 3 3 0 0 0 2 1 2 0
0 103 201 47 5 6 1 6 1 100 135 103 103 135 103 0
3 0 3 2 2 1 2 3 2 1 3 0 1 0 0 1 2 2 3 1 1 2 1 2 0 2 1 1 0 0 1 0 2 1 0 0 1 0 0 2 2 1 2 2 0 1 3 3 1 2 2 0 0 1 2 3 0 3 2 3 3 2 1 2 2 3 2 3 2 2 1 1 1 0 3 1 2 1 0 1 0 2 2 2 1 3 0 3 3 2 3 2 0 0 0 1 2 2 3 1 3 2 1
2 0 3 2 2 1 2 3 2 1 3 0 1 0 0 1 2 2 3 1 1 2 1 2 0 2 1 1 0 0 1 0 2 1 0 0 1 0 0 2 1 1 2 2 0 1 3 3 1 2 2 3 0 1 2 3 0 3 2 3 3 2 1 2 2 3 2 3 2 2 1 1 1 0 3 1 2 1 0 1 0 2 2 2 1 3 0 3 3 2 3 2 0 0 0 1 2 2 3 1 3 2 1 1 0 0 2 2 3 1 1 2 1 1 2 1 1 2 3 0 2 1 0 3 1 1 3 3 1 1 2 1 3 2 3 0 3 0 2 1 2 2 2 3 1 2 3 3 1 2 1 3 3 2 0 3 0 0 1 2 2 1 1 1 2 3 3 0 0 3 0 2 0 1 2 3 3 0 3 2 2 2 1 1 2 3 3 2 0 1 3 2 0 0 0 1 2 2 3 2 0
0 91 203 25 5 6 1 6 1 100 101 91 91 101 91 0
3 0 0 2 3 2 1 3 3 2 2 3 2 0 0 2 0 0 0 3 0 0 2 3 1 0 1 1 1 0 0 3 1 3 1 1 2 0 1 2 1 0 3 3 0 1 1 0 2 2 0 0 0 1 0 2 1 3 0 0 0 2 3 2 1 0 2 3 0 3 3 2 2 3 0 2 1 3 0 3 2 2 1 0 3 2 3 0 2 3 2
2 0 0 2 3 2 1 3 3 2 2 3 2 0 0 2 0 0 0 3 0 0 2 3 1 0 1 1 1 0 0 3 1 3 1 1 2 0 1 2 1 0 3 3 0 1 1 0 2 2 3 0 0 1 0 2 1 3 0 0 0 2 3 2 1 3 2 3 0 3 3 2 2 3 0 2 1 3 0 3 2 2 1 0 3 2 3 0 2 3 2 2 2 3 0 3 2 1 2 2 3 1 2 2 3 1 0 1 2 1 3 3 3 2 3 1 3 2 2 3 1 0 1 0 2 3 2 2 3 1 2 1 2 3 1 2 2 3 2 2 0 1 3 1 2 2 1 0 0 1 2 3 2 1 1 1 0 3 2 1 2 3 1 1 0 1 2 3 1 0 0 2 1 2 2 2 3 2 1 1 0 3 2 1 2 3 0 0 0 1 2 3 1 3 0 3 1 1 0 0 1 2 1
0 104 203 46 5 6 1 6 1 100 141 100 100 140 104 0
0 1 1 2 1 1 2 0 1 1 3 3 2 3 3 3 1 1 2 1 1 3 3 3 3 1 1 1 2 2 1 3 1 2 3 0 0 0 1 0 1 3 2 1 0 0 2 0 1 3 2 2 1 1 0 1 1 2 1 2 3 2 3 2 1 1 2 1 0 1 2 2 1 2 1 2 1 3 3 3 0 2 3 2 2 3 3 3 1 3 3 1 0 2 0 0 1 2 2 3 2 1 3 3
3 1 1 2 1 1 2 0 1 1 3 3 2 3 3 3 1 1 2 1 1 3 3 3 3 1 1 1 2 2 1 3 1 2 3 0 0 0 1 0 1 3 2 1 0 0 2 0 1 3 2 2 1 1 0 1 1 2 1 2 3 2 3 2 1 1 2 1 0 1 2 2 1 2 1 2 1 3 3 3 0 2 3 2 2 3 3 3 1 3 3 1 0 2 0 0 1 2 2 3 1 1 3 3 3 3 0 3 2 0 3 0 2 2 3 3 3 2 2 3 0 1 3 3 1 2 2 1 0 0 1 3 0 0 0 0 0 3 0 1 1 0 2 3 2 0 3 0 3 3 1 1 3 3 1 3 2 3 0 2 3 3 1 2 0 3 0 0 0 1 2 2 1 3 3 3 0 1 1 1 2 0 0 2 3 3 3 0 1 0 0 0 0 2 1 0 3 2 3 0 2 2 3
0 104 203 46 5 6 1 6 1 100 145 104 104 145 104 0
3 3 1 1 0 0 3 2 0 0 2 2 0 0 1 2 1 2 3 2 3 1 1 3 0 3 0 3 1 0 0 3 0 3 2 2 3 1 2 1 0 0 3 0 0 1 0 2 1 0 0 3 1 0 1 1 0 1 3 1 0 2 1 0 2 1 1 0 3 0 3 0 2 0 1 3 3 0 1 1 3 1 3 0 3 2 1 3 2 3 3 0 2 3 1 2 1 1 3 1 3 3 0 0
2 3 1 1 0 0 3 2 0 0 2 2 0 0 1 2 1 2 3 2 3 1 1 3 0 3 0 3 1 0 0 3 0 3 2 2 3 1 2 1 0 0 3 0 0 1 0 2 1 0 0 3 1 0 1 1 0 1 3 1 0 2 1 0 2 1 1 0 3 0 3 0 2 0 1 3 3 0 1 1 3 1 3 0 3 2 1 3 2 3 3 0 2 3 1 2 1 1 3 1 3 3 0 0 2 2 2 0 2 0 1 1 1 1 0 0 0 1 2 2 1 1 1 1 0 0 3 0 0 2 1 1 1 0 3 2 3 1 1 3 0 3 3 3 1 2 0 0 0 1 2 0 1 1 3 3 3 0 0 1 1 2 3 1 0 1 1 2 1 2 0 3 2 1 2 0 3 3 2 3 3 0 1 2 3 1 1 3 0 3 0 0 1 3 2 3 1 0 0 0 0 1 3
0 105 205 45 5 6 1 6 1 100 125 105 105 125 105 0
2 0 0 1 1 1 2 1 3 2 1 2 2 0 0 0 1 3 0 3 3 3 2 1 1 0 0 1 0 2 1 0 0 0 3 3 3 3 0 1 1 1 3 2 3 1 3 2 2 2 3 2 1 0 0 2 3 2 1 2 3 0 1 1 3 0 1 1 1 3 1 3 3 0 0 3 0 1 3 2 2 1 0 0 3 3 0 0 1 3 1 3 3 3 1 1 3 0 0 3 2 0 1 3 3
1 0 0 0 1 1 2 1 3 2 1 2 2 0 0 0 1 3 0 3 3 3 1 1 1 0 0 1 0 2 1 0 0 0 3 3 3 3 0 1 1 1 3 2 3 1 3 2 2 2 3 2 1 0 0 2 3 2 1 2 3 0 1 1 2 0 1 1 1 3 1 3 3 0 0 3 0 0 3 2 2 1 0 0 3 3 0 0 1 3 1 3 3 3 1 1 3 0 0 3 2 0 1 3 3 3 2 2 3 1 3 3 1 3 3 3 0 0 1 0 0 3 2 2 2 3 2 0 3 0 3 0 1 2 2 1 0 0 0 1 3 3 1 3 1 1 2 2 1 2 2 2 1 1 1 1 3 0 3 0 1 3 1 3 0 0 0 0 2 1 3 3 3 3 3 2 1 0 1 3 3 1 3 1 1 3 1 0 1 2 2 1 0 3 3 1 1 0 1 3 0 0 2 0 1
0 106 207 44 5 6 1 6 1 100 120 106 106 120 106 0
1 3 1 1 2 3 3 1 1 0 1 2 1 3 3 2 3 3 1 0 2 3 2 0 1 3 0 3 0 1 3 1 3 0 2 3 0 1 0 0 0 1 0 2 3 0 2 0 1 1 3 1 2 3 3 0 1 1 3 3 2 3 1 1 2 0 0 2 3 0 2 3 0 1 3 1 0 2 3 0 2 3 3 2 0 0 3 2 3 0 0 2 1 2 2 1 3 2 3 1 0 1 3 3 0 0
0 3 1 1 1 3 3 1 1 0 1 2 1 3 3 2 3 3 1 0 2 2 2 0 1 3 0 3 0 1 3 1 3 0 2 3 0 1 0 0 0 1 0 2 3 0 2 0 1 1 3 1 2 2 3 0 1 1 3 3 2 3 1 1 1 0 0 2 3 0 2 3 0 1 3 1 0 2 3 0 2 3 3 2 0 0 3 2 2 0 0 2 1 2 2 1 3 2 3 1 0 1 3 3 0 0 2 3 1 2 3 1 0 3 3 1 2 1 2 2 1 0 2 3 1 3 2 2 3 1 3 3 3 3 1 3 1 3 0 0 0 0 2 0 0 1 0 2 2 2 1 2 3 0 1 1 3 1 2 3 1 3 0 0 2 0 1 2 2 3 0 1 1 2 3 3 3 3 2 3 0 1 1 0 1 1 3 3 1 0 2 3 0 2 1 3 1 2 2 1 0 0 0 0 3 2 2
0 88 208 36 5 6 1 6 1 100 107 88 89 107 89 1
2 0 1 1 0 1 3 3 0 1 3 3 1 1 3 3 2 1 2 0 2 1 3 0 2 2 0 1 3 0 3 0 0 0 0 3 3 1 2 3 3 3 3 0 1 2 1 3 1 3 0 1 2 0 1 2 3 2 2 3 2 3 3 0 1 3 3 0 1 3 1 2 0 0 2 1 2 1 3 3 1 0 2 1 0 0 0 1
0 2 0 1 1 0 1 3 3 0 1 3 3 1 1 3 3 2 1 2 0 2 1 3 0 2 2 0 1 3 0 3 0 0 0 0 3 3 1 2 3 3 3 3 0 1 2 1 3 1 3 0 1 2 0 1 2 3 2 2 3 2 3 3 0 0 3 3 0 0 3 1 2 0 0 2 1 2 1 3 3 1 0 2 1 0 0 0 1 3 2 2 2 3 3 2 2 0 2 3 3 3 1 1 3 3 1 3 1 3 0 0 3 3 3 3 0 3 2 0 0 3 2 3 1 3 2 3 2 0 0 2 0 3 3 3 0 0 3 3 0 0 0 3 0 1 3 0 0 0 1 0 0 2 1 1 1 1 0 0 3 3 3 0 2 1 1 3 1 3 3 3 0 3 3 0 3 0 1 0 1 3 3 1 0 0 2 0 0 2 1 3 0 3 1 0 3 0 1 1 3 3 1 1 2 3 0 0
0 107 209 43 5 6 1 6 1 100 125 107 107 125 107 0
2 0 2 1 1 0 2 3 1 3 3 2 0 0 2 3 0 3 3 1 2 0 0 2 2 0 0 1 3 0 2 0 2 0 0 1 3 3 3 0 0 0 2 1 2 2 0 2 1 1 2 2 0 2 0 0 0 1 0 2 3 2 2 2 0 1 1 0 0 0 2 1 1 0 2 2 1 1 1 0 1 1 0 3 1 0 0 3 3 0 1 1 2 2 3 1 1 2 1 0 0 0 1 0 3 1 1
1 0 2 1 1 0 2 3 1 3 3 2 0 0 2 3 0 3 3 1 2 0 0 2 2 0 0 1 3 0 2 0 2 0 0 0 3 3 3 0 0 0 2 1 2 2 0 2 1 1 2 2 0 2 0 0 0 1 0 2 3 2 2 2 0 1 1 0 0 3 2 1 1 0 2 2 1 1 1 0 1 1 0 3 0 0 0 2 3 0 1 1 2 2 3 1 1 2 1 0 0 0 1 0 3 1 1 2 2 0 0 0 2 0 1 3 0 0 0 2 3 2 1 2 0 2 0 0 2 2 1 2 0 1 0 0 0 0 1 1 3 3 3 2 1 2 2 0 3 3 3 3 0 2 0 2 1 0 3 3 0 3 3 0 2 0 0 1 2 0 0 3 1 2 2 3 0 2 0 0 0 0 0 0 3 3 3 0 0 1 2 2 2 2 0 3 1 3 0 1 3 3 0 1 2 3 2 1 1
0 108 211 29 5 6 1 6 1 100 122 108 108 122 108 0
1 3 3 1 3 2 0 1 1 1 2 2 0 0 1 2 1 0 0 0 0 3 0 2 0 1 0 0 1 0 0 0 1 0 2 1 1 0 1 3 3 2 1 2 0 2 0 2 2 0 1 3 1 0 3 1 1 3 2 3 3 3 0 3 2 1 2 2 1 1 1 3 1 2 1 1 3 0 0 0 1 3 3 2 1 0 0 1 2 1 3 3 1 2 3 3 2 1 1 2 2 2 1 1 3 1 1 1
3 3 3 1 3 2 0 1 1 1 2 2 0 0 0 2 1 0 0 0 0 3 0 2 0 1 0 0 1 0 0 0 1 0 2 1 1 0 1 3 3 2 1 2 0 2 0 2 2 0 1 3 1 0 3 1 1 3 2 3 3 3 0 2 2 1 2 2 1 1 1 3 1 2 1 1 3 0 0 0 1 3 3 2 1 0 0 1 2 1 3 3 1 2 3 3 2 1 1 2 2 2 1 1 3 1 1 1 0 1 1 2 1 1 1 2 3 1 1 3 2 1 2 2 2 1 2 2 3 0 3 3 3 2 0 1 2 2 3 1 1 2 3 0 2 3 3 3 0 0 3 3 1 2 3 1 3 3 1 1 2 2 3 0 2 2 0 1 3 2 1 1 3 0 1 1 2 2 0 0 0 0 0 1 2 1 0 0 0 2 0 3 2 3 3 3 2 0 2 0 0 2 2 0 1 0 2 1 0 2 3
0 89 213 39 5 6 1 6 1 100 105 89 88 105 88 1
1 2 3 2 3 1 3 0 3 3 2 0 3 0 1 1 0 1 3 3 1 3 2 3 1 0 0 3 2 3 3 2 1 3 3 1 1 2 0 0 3 0 2 3 0 0 1 3 3 3 2 1 1 1 2 1 3 3 1 1 0 2 1 0 1 1 2 2 1 3 0 1 2 3 1 1 1 1 2 0 3 0 1 1 1 0 1 1 3
2 3 2 2 1 3 0 3 3 2 0 3 0 1 1 0 1 3 3 1 3 2 3 1 0 0 3 2 3 3 2 1 3 3 1 1 2 0 0 3 0 2 3 0 0 1 3 3 3 2 1 1 1 2 1 3 3 0 1 0 2 1 0 1 1 2 2 1 3 0 1 2 3 0 1 1 1 2 0 3 0 1 1 1 0 1 1 3 2 3 3 3 0 0 2 2 3 2 1 2 3 1 2 3 3 0 2 0 2 3 2 2 3 2 3 2 3 1 1 1 0 0 0 3 1 1 3 3 3 3 3 3 3 0 3 0 2 2 2 3 0 3 1 2 2 3 1 0 3 3 2 3 3 1 3 2 2 1 2 2 2 3 1 1 1 2 2 1 2 1 2 2 1 3 1 3 3 2 2 1 2 2 1 2 1 0 2 1 2 3 1 0 1 1 0 1 3 0 0 3 2 0 3 2 2 2 2 0 0 3 3 3 3
0 109 213 41 5 6 1 6 1 100 135 109 109 135 109 0
3 0 0 2 2 3 2 3 2 3 3 3 1 0 1 0 0 2 0 3 0 0 1 2 0 3 0 3 2 1 0 3 3 3 0 0 0 0 2 2 1 1 0 1 1 3 0 0 0 3 1 0 0 0 3 0 0 0 3 3 3 2 1 2 0 1 0 0 2 3 0 0 3 3 0 3 0 3 0 1 1 0 3 3 0 3 2 3 0 0 3 3 2 0 3 0 2 1 3 0 0 1 2 3 3 1 3 0 3
2 0 0 2 2 3 2 2 2 3 3 3 1 0 1 0 0 2 0 3 0 0 1 2 0 3 0 3 2 1 0 3 3 3 0 0 0 0 2 2 1 1 0 1 1 3 0 0 0 3 1 0 0 0 3 0 0 0 3 3 3 2 1 2 0 1 0 0 2 3 0 0 3 3 0 3 0 3 0 1 1 0 3 3 0 3 2 3 0 0 3 3 2 0 2 0 2 1 3 0 0 1 2 3 3 1 3 0 3 1 0 0 0 1 2 3 0 2 3 0 0 2 0 3 3 3 0 2 0 3 3 1 0 0 0 1 0 3 0 0 2 3 0 0 3 0 0 2 3 1 0 0 0 0 0 2 0 0 0 1 3 0 3 3 2 3 0 0 3 0 2 0 1 1 0 0 1 3 0 0 2 0 0 2 3 3 3 3 0 0 0 2 0 0 0 3 0 0 3 1 3 0 0 2 2 0 0 3 0 2 3 0 0
0 110 215 40 5 6 1 6 1 100 140 110 110 140 110 0
1 3 2 2 1 2 1 0 0 1 3 0 0 2 1 0 3 0 0 1 3 0 0 3 0 0 2 1 2 0 1 1 0 1 1 3 3 1 2 3 1 2 1 2 0 1 1 3 0 2 0 2 1 1 0 1 2 3 2 1 3 2 2 1 2 0 1 3 3 3 3 2 1 0 0 2 0 0 0 3 2 0 1 0 1 3 0 2 2 0 1 2 2 1 2 0 1 3 2 0 3 3 3 1 1 0 1 1 1 3
0 3 2 2 1 2 1 0 0 1 3 0 0 2 1 0 3 0 0 1 3 0 0 3 0 0 2 1 2 0 1 1 0 1 1 3 3 1 2 3 1 2 1 2 0 1 1 3 0 2 0 2 1 1 0 1 2 3 2 1 3 2 2 1 2 0 1 3 3 3 3 2 1 0 0 2 0 0 0 3 2 0 1 0 1 3 0 2 1 0 1 2 2 1 2 0 1 3 2 0 3 3 3 1 1 0 1 1 1 3 0 0 3 0 0 1 2 2 1 1 3 0 2 1 3 0 1 2 0 1 1 0 1 0 0 0 3 0 2 2 2 1 1 2 0 1 0 1 1 1 2 1 3 1 0 0 0 1 0 1 3 0 2 2 2 1 1 3 3 2 0 1 2 0 2 1 1 0 1 1 2 2 2 1 1 3 2 3 1 2 3 0 2 3 0 1 3 0 2 1 1 1 2 1 2 1 0 1 2 0 3 0 1 1 2
0 111 217 27 5 6 1 6 1 100 133 111 111 133 111 0
0 2 0 1 1 3 1 2 2 1 2 1 3 2 0 1 0 0 0 0 2 1 0 0 0 3 3 2 3 3 2 2 2 1 1 2 1 1 1 1 1 2 2 0 1 2 2 2 1 3 2 2 0 1 2 1 3 2 1 1 2 2 0 0 1 1 2 1 0 3 2 3 1 2 3 3 0 3 0 0 0 2 1 3 0 2 2 0 1 3 0 2 1 3 1 0 1 3 0 2 2 3 1 3 3 0 2 2 1 1 3
3 2 0 1 1 3 1 2 2 1 2 1 3 2 0 1 0 0 0 0 2 1 0 0 0 3 3 2 3 3 2 2 2 1 1 2 1 1 1 1 1 2 2 0 1 2 2 2 1 3 2 2 0 1 2 1 3 2 1 1 2 2 0 0 1 1 2 1 0 3 2 3 1 2 3 3 0 3 0 0 0 2 1 3 0 2 2 0 1 3 0 2 1 3 1 0 1 3 0 2 2 3 1 3 3 0 2 2 1 1 3 3 2 0 1 0 2 1 2 0 1 1 2 0 1 1 0 1 1 0 1 2 1 3 0 2 2 1 0 1 1 2 0 1 1 1 3 0 2 1 2 2 1 2 3 3 2 0 0 2 0 3 0 0 3 0 0 0 2 2 3 1 3 0 1 2 0 1 3 3 3 0 2 1 2 0 1 1 2 3 1 3 0 2 3 2 0 3 0 3 3 1 0 0 2 1 3 2 1 0 2 1 3 3 1 2 1
0 111 217 39 5 6 1 6 1 100 130 111 111 130 111 0
1 0 3 3 0 2 0 2 3 1 2 3 1 2 0 3 2 3 1 3 3 0 1 1 3 1 3 3 1 3 0 2 3 2 0 0 0 2 1 1 1 1 0 3 0 3 3 3 0 0 0 3 0 3 0 2 3 3 2 2 3 3 3 2 2 0 0 1 2 1 1 3 0 3 0 3 2 3 0 0 0 3 0 1 3 2 2 1 1 3 0 0 2 3 3 2 1 1 3 0 3 2 0 1 3 0 3 3 3 3 3
0 0 3 3 0 2 0 2 3 0 2 3 1 2 0 3 2 3 1 3 3 0 1 1 3 0 3 3 1 3 0 2 3 2 0 0 0 2 1 1 1 1 0 3 0 3 3 3 0 0 0 3 0 3 0 2 3 3 2 2 3 3 3 2 2 0 0 1 2 1 1 3 0 2 0 3 2 3 0 0 0 3 0 1 3 2 2 1 1 3 0 0 2 3 3 2 1 1 3 0 3 2 0 1 3 0 3 3 3 3 3 0 0 2 2 3 0 2 2 2 2 2 2 0 0 2 3 1 0 2 2 3 3 0 2 1 1 3 0 2 2 0 1 3 1 0 1 3 0 3 0 3 2 2 1 2 2 2 2 3 1 2 3 1 2 1 1 1 0 2 3 0 3 3 0 3 1 2 1 1 0 1 1 2 1 1 0 0 1 0 3 3 0 3 2 3 1 1 2 2 1 1 3 2 0 2 2 0 2 3 0 2 3 0 3 2 0
0 112 219 21 5 6 1 6 1 100 118 112 112 118 112 0
3 3 0 2 1 1 2 1 1 1 1 2 1 0 0 3 2 3 1 2 2 1 2 0 1 0 0 0 1 3 2 1 0 2 1 1 2 0 3 2 1 0 1 1 2 2 2 0 3 0 0 0 1 0 1 2 3 0 1 1 0 3 0 0 2 3 3 0 1 1 3 0 0 1 1 2 0 3 2 3 2 1 2 0 2 2 3 2 0 0 2 2 2 1 1 3 2 0 1 1 2 0 1 3 2 0 3 0 2 0 0 2
2 3 0 2 1 1 2 1 1 1 1 2 1 0 0 3 2 3 1 2 2 1 2 0 1 0 0 0 1 3 2 1 0 2 1 1 2 0 2 2 1 0 1 1 2 1 2 0 3 0 0 0 1 0 1 2 3 0 1 1 0 3 0 0 2 3 3 0 1 1 3 0 0 1 1 2 0 3 2 3 2 1 2 0 2 2 3 2 0 0 2 2 2 1 1 3 2 0 1 1 2 0 1 3 2 0 3 0 2 0 0 2 2 0 2 1 2 2 2 3 1 1 1 2 2 0 1 1 1 0 1 1 2 1 1 2 3 0 0 3 3 2 3 2 2 1 0 1 2 0 1 2 2 3 2 0 1 1 0 1 2 2 1 2 3 1 3 0 0 1 1 2 3 0 1 3 0 1 0 3 2 2 0 1 0 0 2 2 0 2 0 2 2 0 0 2 2 0 0 1 3 1 1 3 2 0 2 2 1 1 1 0 3 0 3 0 1 1 2
0 112 219 38 5 6 1 6 1 100 130 112 112 130 112 0
3 2 1 2 2 1 2 2 1 0 1 1 0 1 1 1 0 2 3 0 2 3 3 0 0 0 2 3 3 1 2 2 2 1 1 0 3 3 0 0 2 3 0 2 3 2 1 2 3 1 3 2 1 2 0 2 3 1 2 0 3 3 0 1 2 2 3 0 3 1 2 2 1 2 3 1 3 0 0 1 0 1 0 3 1 2 3 1 2 3 2 2 0 1 3 3 1 2 2 3 2 2 3 1 1 0 3 0 3 0 3 0
2 2 1 2 2 1 2 2 1 0 1 1 0 0 1 1 0 2 3 0 2 3 3 0 0 0 2 3 2 1 2 2 2 1 1 0 3 3 0 0 2 3 0 2 3 2 1 2 3 1 3 2 1 2 0 2 3 1 2 0 3 3 0 1 2 2 3 0 3 1 2 2 1 2 3 1 3 0 0 1 0 1 0 3 0 2 3 1 2 3 2 2 0 1 3 3 1 2 2 3 2 2 3 1 1 0 3 0 3 0 3 0 2 1 3 2 3 3 2 3 1 1 3 0 2 1 1 2 0 0 0 3 3 3 0 0 2 2 1 1 3 0 0 3 3 2 1 1 2 2 0 1 0 3 2 0 3 3 2 3 3 0 3 2 3 3 1 3 2 1 0 0 2 1 3 1 1 2 2 2 3 0 3 1 2 3 3 3 3 2 2 1 3 2 3 1 2 2 1 1 0 1 0 0 1 2 3 2 1 3 2 2 1 2 2 2 3 1 0
0 112 219 38 5 6 1 6 1 100 130 112 112 130 112 0
3 1 3 3 2 1 0 1 0 0 0 3 0 3 0 0 0 1 3 3 2 3 0 2 1 2 2 3 0 2 3 3 2 1 2 1 3 3 1 1 2 2 3 1 3 3 2 2 3 2 1 1 3 1 0 3 3 2 2 3 1 2 1 3 3 3 3 0 2 3 3 2 2 3 0 3 2 1 1 0 2 0 2 2 2 3 1 0 2 1 1 0 3 3 0 1 2 2 1 0 0 0 0 1 1 1 1 1 0 3 2 3
2 1 3 3 2 1 0 1 0 0 0 3 0 3 0 0 0 1 3 3 2 3 0 2 1 2 2 3 0 1 3 3 2 1 2 1 3 3 1 1 2 2 3 1 3 3 2 2 3 2 1 1 3 1 0 3 3 2 2 3 1 2 1 3 3 3 3 0 2 3 3 2 2 3 0 3 2 1 1 0 2 0 1 2 2 3 1 0 2 1 1 0 3 3 0 1 2 2 1 0 0 0 0 1 1 1 0 1 0 3 2 3 0 2 0 2 3 3 2 3 3 2 0 0 0 3 2 2 1 2 0 2 3 2 1 3 0 1 2 2 1 2 2 1 3 1 1 3 0 3 2 3 1 2 2 1 3 3 1 2 2 1 0 0 3 1 0 2 3 0 2 3 0 2 3 1 1 3 3 2 3 0 2 2 2 0 0 1 0 1 2 3 2 0 1 1 2 1 2 1 3 3 0 0 1 2 2 1 1 1 2 0 3 3 2 0 0 2 0
0 113 221 34 5 6 1 6 1 100 137 113 113 137 113 0
2 2 2 2 1 3 3 2 3 0 0 2 1 0 0 3 0 0 0 2 2 3 0 0 2 3 0 2 0 2 3 3 0 0 2 3 0 0 3 3 2 1 3 2 2 0 1 1 2 3 3 3 2 1 1 2 1 3 0 3 0 0 0 1 2 1 0 2 1 2 0 3 0 2 1 1 2 0 1 1 1 2 3 1 1 0 1 3 0 1 0 2 0 1 1 2 3 1 1 2 1 0 2 3 3 3 2 2 1 2 1 2 1
1 2 2 2 1 3 3 2 3 0 0 2 1 0 0 3 0 0 0 2 2 3 0 0 2 3 0 2 0 2 3 3 0 3 2 3 0 0 3 3 2 1 3 2 2 0 1 1 2 3 3 3 2 1 1 2 1 3 0 3 0 0 0 1 2 1 0 2 1 2 0 3 0 2 1 1 2 0 1 1 1 2 3 1 1 0 1 3 0 1 0 2 0 1 1 2 3 1 1 2 1 0 2 3 3 3 2 2 1 2 1 2 1 3 3 1 1 3 3 1 2 1 3 3 1 3 3 0 1 1 2 1 0 1 3 3 0 1 0 2 0 2 1 0 0 2 0 2 1 3 0 0 2 2 3 3 3 3 1 3 3 1 1 1 1 2 1 3 0 1 1 2 1 0 0 2 0 0 0 1 3 0 1 0 3 0 0 2 1 2 2 3 0 1 2 2 0 1 2 1 1 3 0 1 2 2 3 3 3 3 3 2 3 3 3 1 3 2 1 3 3
0 113 221 37 5 6 1 6 1 100 135 113 113 135 113 0
2 3 1 2 1 2 1 0 0 0 0 0 2 0 3 2 0 0 3 0 0 0 3 3 2 2 0 1 0 0 0 1 2 2 1 1 3 2 1 2 2 1 0 1 2 2 1 3 0 1 2 0 2 1 1 1 0 2 3 3 3 3 3 3 1 0 1 2 0 1 0 0 2 2 2 1 2 0 0 1 2 3 2 2 1 1 3 3 0 3 2 3 0 0 1 1 2 0 3 0 1 2 0 1 3 2 1 3 2 1 1 3 2
1 3 1 2 1 2 1 0 0 0 0 0 2 0 3 2 0 0 3 0 0 0 3 3 2 2 0 1 0 0 0 1 2 2 1 1 3 2 1 2 2 1 0 1 2 2 1 3 0 1 1 0 2 1 1 1 0 2 3 3 3 3 3 3 1 0 1 2 0 1 0 0 2 2 2 1 2 0 0 1 2 3 2 2 1 1 3 3 0 3 2 3 0 0 1 1 2 0 3 0 1 2 0 1 3 2 1 2 2 1 1 3 2 0 1 1 3 3 1 3 3 1 3 0 2 0 1 0 0 0 1 0 2 0 2 0 1 2 1 2 1 0 2 2 1 3 3 0 3 0 0 1 3 3 2 0 1 2 0 1 2 2 1 1 3 3 1 1 2 2 3 1 0 0 0 3 3 3 0 3 2 2 3 2 1 0 2 1 3 0 0 0 0 1 3 1 2 3 0 2 0 1 2 3 0 3 0 0 1 1 2 1 3 3 1 3 3 3 2 2 1
0 99 225 31 5 6 1 6 1 100 115 99 99 115 99 0
3 3 1 0 2 3 1 0 0 0 1 1 2 3 3 3 1 3 0 2 3 1 1 0 0 2 1 0 1 3 1 2 0 1 1 2 0 1 2 2 2 3 0 0 1 0 2 2 0 0 2 1 3 0 3 3 0 1 1 3 3 2 3 3 3 3 3 3 0 2 1 2 2 1 3 1 2 0 2 1 3 0 3 3 3 1 3 3 1 0 2 1 2 3 1 3 3 2 1
2 3 1 0 2 3 1 0 3 0 1 1 2 3 3 3 1 3 0 2 3 1 1 0 0 2 1 0 1 3 1 2 0 1 1 2 0 1 2 2 2 3 0 0 1 0 2 1 0 0 2 1 3 0 3 3 0 1 1 3 3 2 3 3 3 3 3 3 0 2 1 2 2 1 3 1 2 0 2 1 3 0 3 3 3 1 3 3 1 0 2 1 2 3 1 3 3 2 1 2 1 3 3 1 2 2 1 2 2 1 1 3 3 3 3 1 0 0 0 3 3 1 0 2 1 1 2 3 3 0 2 0 1 0 3 0 0 0 0 0 1 2 1 1 1 1 3 3 2 3 2 0 0 0 2 2 0 1 2 3 2 1 1 0 3 0 0 3 2 0 0 0 3 1 2 2 3 1 0 0 0 0 3 2 3 0 1 1 3 1 2 3 3 3 0 3 0 1 0 2 3 2 0 2 3 1 0 2 1 1 2 1 0 2 3 1 0 0 2 3 0 0 2 3 1
0 115 225 35 5 6 1 6 1 100 125 115 115 125 115 0
2 3 3 2 1 2 2 0 1 1 2 0 1 3 2 0 0 0 1 0 2 1 0 3 2 3 1 1 0 2 2 1 2 0 0 0 3 2 1 2 3 1 0 0 2 0 0 2 3 3 0 1 0 3 1 3 0 1 1 2 1 0 2 3 1 2 3 2 1 1 2 1 2 3 1 2 3 1 1 0 2 0 2 0 1 0 3 2 0 2 0 0 0 2 0 0 2 3 2 0 0 2 3 2 2 2 3 1 3 0 2 3 2 1 3
1 3 3 2 1 2 2 0 1 1 2 0 1 3 2 0 0 0 1 0 2 1 0 3 2 3 1 1 0 2 2 1 2 0 0 0 3 2 1 2 3 1 0 0 2 0 0 2 3 3 0 1 3 3 1 3 0 1 1 2 1 0 2 3 1 2 3 2 1 1 2 1 2 3 1 2 3 1 1 0 2 3 2 3 1 0 3 2 0 2 0 0 0 2 0 0 2 3 2 0 0 2 3 2 2 2 3 1 3 3 2 3 2 1 3 3 2 1 2 2 3 3 1 1 2 2 0 1 1 0 2 2 2 1 1 1 3 3 2 1 1 1 0 1 3 2 1 1 0 3 2 3 1 2 3 0 1 0 2 1 0 3 2 1 1 2 3 1 1 2 2 2 3 1 2 0 2 2 3 1 3 2 2 3 3 0 2 0 0 3 2 1 2 3 2 0 0 2 1 0 2 0 0 0 1 3 3 2 3 1 2 0 2 0 0 0 2 3 1 2 1 1 0 0 2
0 116 227 25 5 6 1 6 1 100 121 116 116 121 116 0
3 3 0 2 1 3 1 1 3 3 2 1 0 1 1 2 1 3 3 2 3 0 1 2 0 1 1 3 0 3 3 3 3 0 0 1 0 0 3 0 0 1 2 2 3 3 2 2 1 2 2 1 2 1 3 1 3 0 0 1 2 3 0 0 1 2 1 0 3 0 0 2 0 0 2 1 0 1 2 2 0 1 0 3 3 3 1 3 3 2 0 1 1 1 2 3 0 2 3 3 1 3 2 0 1 0 2 1 2 0 1 0 1 2 3 2
2 3 0 2 1 3 1 0 3 3 2 1 3 1 1 2 1 3 3 2 3 0 1 2 0 1 1 3 0 3 3 3 3 0 0 1 0 0 3 0 0 1 2 2 3 3 2 2 1 2 1 1 2 1 3 1 3 0 0 1 2 3 0 0 1 2 1 0 3 0 0 2 0 0 2 1 0 1 2 2 0 1 0 3 3 3 1 3 3 2 0 1 1 1 2 3 0 2 3 3 1 3 2 0 1 0 2 1 2 0 1 0 1 2 3 2 0 2 2 3 1 2 1 2 1 1 3 0 2 1 2 1 3 0 2 0 3 3 3 3 2 3 2 1 0 3 0 0 3 2 0 1 1 2 3 1 3 0 1 3 3 3 2 1 1 0 2 0 1 0 3 0 0 1 1 2 2 2 0 1 2 0 2 2 1 0 2 3 1 0 3 3 3 3 3 1 0 0 3 0 2 0 1 3 3 2 3 0 2 2 2 1 1 2 3 3 0 2 3 0 2 3 1 2 1 2 2
0 116 227 34 5 6 1 6 1 100 135 116 116 135 116 0
2 0 2 0 1 2 2 1 3 0 0 0 3 3 3 0 1 1 2 1 1 0 3 3 0 2 0 1 2 3 3 3 2 3 1 1 1 0 0 1 3 2 0 1 2 0 1 1 0 1 1 0 1 3 1 1 2 0 2 0 1 3 2 0 1 2 0 1 0 0 1 2 3 3 3 0 1 1 0 3 3 0 3 2 2 3 2 1 1 3 0 2 2 1 2 0 1 3 3 3 1 2 1 2 0 1 1 3 2 1 3 0 1 2 0 3
0 0 2 0 1 2 2 1 3 0 0 0 3 3 3 0 1 1 2 1 1 0 3 3 0 2 0 1 2 3 3 3 2 3 1 1 0 0 0 1 3 2 0 1 2 0 1 1 0 1 1 0 1 3 1 1 2 0 2 0 1 3 2 0 1 2 0 1 0 0 1 2 3 3 3 0 1 1 0 3 3 3 3 2 2 3 2 1 1 3 0 2 2 1 2 0 1 3 3 3 1 2 1 2 0 1 1 3 2 1 3 0 1 2 0 3 0 2 1 2 3 0 2 0 1 0 3 1 3 2 3 3 3 0 0 2 2 1 0 0 2 0 0 2 2 2 0 2 1 1 0 1 2 1 1 0 1 2 3 3 3 3 2 2 1 0 2 0 1 1 3 0 0 2 2 1 2 1 1 0 0 3 2 2 3 3 2 2 0 1 3 3 2 3 3 2 3 2 2 3 2 0 3 2 2 3 3 2 2 0 1 0 2 0 1 3 3 1 2 1 2 3 1 0 2 2 2
0 117 229 33 5 6 1 6 1 100 130 117 117 130 117 0
0 0 0 1 3 3 1 0 0 3 3 2 2 3 1 2 2 3 0 1 2 1 2 2 3 1 3 0 0 2 3 2 1 3 3 2 2 3 2 0 0 2 0 0 0 3 0 0 2 3 1 0 1 1 1 0 0 3 1 3 1 1 2 0 1 2 1 0 3 3 0 1 1 0 2 2 0 0 0 1 0 2 1 3 0 0 0 2 3 2 1 0 2 3 0 3 3 2 2 3 0 2 1 3 0 3 2 2 1 0 3 2 3 0 2 3 2
1 0 0 1 3 3 1 0 0 3 3 2 2 3 1 2 2 3 0 1 2 1 2 2 3 1 2 0 0 2 3 2 1 3 3 2 2 3 2 0 0 2 0 0 0 3 0 0 2 3 1 0 1 1 1 0 0 3 1 3 1 1 2 0 1 2 1 0 3 3 0 1 1 0 2 2 3 0 0 1 0 2 1 3 0 0 0 2 3 2 1 3 2 3 0 3 3 2 2 3 0 2 1 3 0 3 2 2 1 0 3 2 3 0 2 3 2 2 2 3 0 3 2 1 2 2 3 1 2 2 3 1 0 1 2 1 3 3 3 2 3 1 3 2 2 3 1 0 1 0 2 3 2 2 3 1 2 1 2 3 1 2 2 3 2 2 0 1 3 1 2 2 1 0 0 1 2 3 2 1 1 1 0 3 2 1 2 3 1 1 0 1 2 3 1 0 0 2 1 2 2 2 3 2 1 1 0 3 2 1 2 3 0 0 0 1 2 3 1 3 0 3 1 1 0 0 1 2 1
0 118 231 32 5 6 1 6 1 100 120 118 118 120 118 0
3 0 3 3 2 2 3 1 2 2 3 1 0 2 2 1 1 3 3 1 2 1 2 3 2 2 2 1 1 1 3 2 3 3 0 1 0 0 2 3 1 0 1 2 0 0 1 2 3 0 0 2 2 3 1 3 1 1 1 2 3 3 2 1 0 1 1 2 1 0 0 0 0 0 2 1 2 0 1 2 0 2 2 3 1 2 2 0 1 3 2 1 2 1 2 2 3 1 1 1 3 3 0 1 1 2 3 0 3 1 2 2 1 1 2 1 0 0
2 0 3 3 2 2 3 1 2 2 3 1 0 2 2 1 1 3 3 1 2 1 2 3 2 2 2 1 1 1 3 2 3 3 0 1 0 0 2 3 1 0 0 1 0 0 1 2 3 0 0 2 2 3 1 3 1 1 1 2 3 3 2 1 0 1 1 2 1 0 0 0 0 0 2 1 2 0 1 2 0 2 2 2 1 2 2 0 1 3 2 1 2 1 2 2 3 1 1 1 3 3 3 1 1 2 3 0 3 1 2 1 1 1 2 1 0 0 0 0 0 2 0 1 0 0 0 1 2 3 1 2 1 0 2 1 2 2 1 0 0 3 1 2 1 2 3 0 0 0 2 2 2 2 3 1 0 1 1 1 3 0 0 0 1 2 1 2 3 2 1 2 0 0 3 2 1 1 0 0 1 1 3 3 0 3 0 2 0 3 3 2 1 3 3 1 0 2 3 2 2 0 1 1 2 3 1 3 0 1 2 0 0 1 2 3 2 2 3 0 1 0 3 3 3 2 1 2 2 3 1
0 119 233 31 5 6 1 6 1 100 125 119 119 125 119 0
1 1 1 3 0 1 1 2 0 3 0 0 1 0 3 3 1 2 3 2 0 0 3 2 0 0 2 2 0 3 0 0 1 1 2 1 3 0 2 3 1 3 0 3 1 2 0 2 3 2 2 3 2 3 1 2 1 1 2 2 2 1 1 0 2 3 0 0 3 0 1 1 2 1 1 1 3 1 3 0 0 0 2 3 3 0 1 2 2 0 1 1 3 1 2 2 1 0 3 1 3 3 1 1 3 0 1 0 3 2 1 2 1 0 0 3 0 3 0
0 1 1 3 0 1 0 2 0 3 0 3 1 0 3 3 1 2 3 1 0 0 3 2 0 0 2 2 0 3 0 0 1 1 2 1 3 0 2 3 1 3 0 3 1 2 0 2 3 2 2 3 2 3 1 2 1 1 2 2 2 1 1 0 2 3 0 0 3 0 1 1 2 1 1 1 3 1 3 0 0 0 2 3 3 0 1 2 2 0 1 1 3 1 2 2 1 0 3 1 3 3 1 1 3 0 1 3 3 2 1 2 1 0 0 3 0 3 0 2 1 2 0 0 0 1 2 1 2 1 1 1 3 3 3 0 1 0 2 1 2 0 1 2 1 2 2 3 1 1 0 1 2 1 0 0 0 0 3 2 2 1 3 0 1 3 0 2 3 1 2 1 2 2 1 0 2 1 1 1 2 1 0 0 0 1 1 0 2 1 2 2 2 1 2 0 2 1 3 0 0 0 0 1 0 0 0 0 2 0 3 2 2 1 0 1 1 0 2 0 1 3 3 2 1 0 2 3 1 0 1 3 3
0 120 235 30 5 6 1 6 1 100 135 120 120 135 120 0
2 0 3 3 1 0 2 0 0 2 2 1 1 0 1 2 3 0 2 3 3 2 3 0 3 0 3 0 2 1 3 3 3 3 3 0 2 1 3 2 3 3 3 3 0 2 3 1 3 3 3 2 3 3 3 0 3 2 3 0 1 3 0 1 0 1 1 3 0 2 1 0 1 0 1 1 3 0 3 3 0 2 2 3 0 2 2 2 1 2 0 2 1 1 0 3 3 1 3 2 3 0 0 0 3 3 2 2 2 1 0 2 3 3 1 3 3 0 0 3
1 0 3 3 1 0 2 0 0 2 2 1 1 0 1 2 3 0 2 3 3 2 3 0 3 0 3 0 2 1 3 3 3 3 3 0 2 1 3 2 3 3 3 3 0 2 3 1 3 3 3 2 3 3 3 0 3 2 3 0 1 3 0 1 0 1 1 3 0 2 1 0 1 0 1 1 3 0 3 3 0 2 2 3 0 2 2 2 1 2 0 2 0 1 0 3 3 1 3 2 3 0 0 0 3 3 2 2 2 0 0 2 3 3 1 3 3 0 0 3 3 3 3 0 3 0 2 3 1 1 2 0 1 3 3 2 3 3 2 2 1 0 0 0 0 3 0 2 0 2 2 3 0 2 2 1 1 1 3 0 2 3 2 3 0 2 3 0 3 3 3 0 3 3 1 3 0 1 0 1 3 1 0 3 3 3 2 3 1 1 0 1 2 0 1 0 3 3 2 1 0 0 0 1 1 2 3 2 1 2 2 1 1 3 0 0 0 1 3 1 3 0 2 1 1 3 3 3 2 3 3 3 2 0 0
0 121 237 29 5 6 1 6 1 100 135 121 121 135 121 0
2 0 0 2 2 3 1 2 0 2 1 0 2 1 0 2 3 3 1 1 3 0 0 0 1 2 2 1 2 2 2 3 1 2 2 3 1 3 3 0 1 0 0 0 0 0 1 0 2 3 2 1 1 0 2 2 0 1 0 0 0 3 2 1 1 3 3 2 2 3 1 1 2 1 0 1 3 3 0 0 1 0 2 1 3 3 2 1 2 2 2 3 2 1 1 2 1 1 1 0 0 1 0 1 3 2 1 0 3 3 2 2 1 3 1 1 0 0 0 1 1
1 0 0 2 2 3 1 2 0 2 1 0 2 1 0 2 3 3 1 1 3 0 0 0 1 2 2 1 2 2 2 3 1 2 2 3 1 3 3 0 1 0 0 0 0 0 1 0 2 3 2 1 1 0 2 2 0 1 0 0 0 3 2 1 1 3 3 2 2 3 1 1 2 1 0 1 3 3 0 0 0 0 2 1 3 3 2 1 2 2 2 3 2 1 1 2 0 1 1 0 0 1 0 1 3 2 1 0 3 3 2 2 1 3 1 1 0 0 0 1 1 1 0 0 0 3 3 2 2 3 1 0 2 3 2 1 1 2 0 1 1 1 1 0 0 2 1 1 2 0 1 0 0 0 2 0 1 1 1 0 1 3 0 3 3 0 0 0 2 3 3 0 2 0 1 1 0 2 1 2 2 2 3 0 2 0 1 2 3 1 2 0 1 1 0 3 1 1 0 1 3 3 2 1 1 2 3 2 3 3 0 1 2 1 2 2 2 1 2 2 3 3 0 0 0 0 0 1 2 2 2 2 1 3 0 1 2
0 121 237 29 5 6 1 6 1 100 130 121 121 130 121 0
0 0 0 1 1 0 3 3 3 2 2 1 1 0 1 0 2 3 0 2 3 1 2 0 1 2 3 2 0 0 0 1 0 3 2 1 0 2 2 3 0 3 1 0 1 1 0 1 1 3 1 1 2 3 2 1 3 0 0 0 1 1 2 1 2 3 1 2 1 0 0 2 1 2 1 1 2 1 0 2 3 1 0 1 1 2 3 1 3 0 0 0 3 0 3 2 3 1 3 2 2 1 1 2 1 1 0 3 3 0 3 3 2 1 0 0 2 3 0 2 3
3 0 0 1 1 0 3 3 3 2 2 1 1 0 1 0 2 3 0 2 3 1 2 0 1 2 3 2 0 0 0 1 0 3 2 1 0 2 2 3 0 3 1 0 1 1 0 1 1 3 1 1 2 3 2 1 3 0 0 0 0 1 2 1 2 3 1 2 1 0 0 2 1 2 1 1 2 1 0 2 3 1 0 1 1 2 3 1 3 0 0 0 3 0 2 2 3 1 3 2 2 1 1 2 1 1 3 3 3 0 3 3 2 1 0 0 2 3 0 2 3 0 2 0 2 2 1 0 1 2 0 1 0 3 3 2 1 2 0 1 2 3 0 1 1 3 3 1 2 2 1 2 1 0 2 0 1 2 3 3 2 2 1 1 0 0 0 1 2 2 2 1 2 2 0 1 0 0 2 2 3 1 1 0 0 2 3 1 2 3 1 0 0 0 3 3 2 2 1 0 3 3 2 2 1 2 2 0 1 2 0 1 3 0 3 3 2 2 2 0 1 2 1 1 2 0 0 3 3 2 3 1 3 1 3 0 0
0 122 239 28 5 6 1 6 1 100 140 122 122 140 122 0
1 3 1 1 0 1 1 2 3 3 1 0 2 3 0 1 1 1 3 0 1 2 3 0 1 0 1 0 3 3 0 0 3 1 2 0 3 2 3 1 3 3 3 0 1 2 3 0 0 1 1 2 3 2 3 3 3 3 0 1 2 3 1 1 0 1 0 2 0 3 0 0 2 2 0 0 0 3 3 0 2 0 1 3 2 3 0 0 1 0 2 3 0 3 2 3 3 2 2 2 1 3 0 3 3 2 2 3 2 3 3 2 2 0 1 2 3 3 3 2 2 1
0 3 1 1 0 1 1 2 3 3 1 0 2 3 0 1 1 1 3 0 1 2 3 0 1 0 1 0 3 3 3 0 3 1 2 0 3 2 3 1 3 3 3 0 1 2 3 0 0 1 1 2 3 2 3 3 3 3 0 1 2 3 1 1 0 1 0 2 0 3 0 0 2 2 0 0 0 3 3 0 2 0 1 3 2 3 0 0 1 0 2 3 0 3 2 3 3 2 2 2 1 3 0 3 3 2 2 3 2 3 3 2 2 0 1 2 3 3 3 2 2 1 1 3 2 1 3 0 0 0 3 0 0 3 3 0 0 3 2 0 0 0 3 1 3 2 3 1 0 3 0 0 2 2 2 1 0 0 0 2 3 2 3 3 0 0 3 2 2 3 1 2 2 3 2 3 1 1 0 3 3 2 3 3 3 1 2 3 3 2 3 3 0 3 3 3 0 3 1 0 3 3 3 2 3 3 1 1 1 1 3 0 3 0 0 3 0 0 2 0 1 2 1 0 0 1 0 3 3 3 3 3 0 0 0 3 0 0 3
0 123 241 27 5 6 1 6 1 100 125 123 123 125 123 0
2 3 3 3 3 2 1 0 0 2 2 0 0 1 3 1 2 3 0 1 1 2 3 0 0 2 1 0 1 2 2 3 1 2 3 0 0 3 3 2 3 2 0 1 3 2 1 3 0 2 2 2 1 1 2 1 0 3 2 3 1 1 1 3 1 0 1 2 3 0 3 0 2 3 0 0 2 3 2 1 3 3 0 3 0 3 2 2 1 0 0 2 2 2 2 2 1 2 2 3 1 2 0 1 2 0 1 1 1 1 0 3 0 2 2 2 1 2 1 3 1 2 3
1 3 3 3 3 2 1 0 0 2 2 0 0 1 3 1 2 3 0 1 1 2 3 0 0 2 1 0 1 2 2 3 1 2 3 0 0 3 3 2 3 2 0 1 3 2 1 3 0 2 2 2 1 1 2 1 0 3 2 3 1 1 1 3 1 0 1 1 3 0 3 0 2 3 0 0 2 3 2 1 3 3 0 3 0 3 2 2 1 0 0 1 2 2 1 2 1 2 2 3 1 2 0 1 2 0 1 1 1 0 0 3 0 2 2 2 1 2 1 3 1 2 3 3 3 0 2 2 1 2 2 3 1 1 2 3 2 3 1 3 0 0 3 3 0 1 1 0 2 0 1 1 3 3 3 0 1 1 2 0 0 0 2 2 0 2 3 1 2 1 2 0 1 3 1 1 3 3 3 3 3 2 1 2 1 2 3 2 0 1 2 1 3 1 3 3 3 3 3 1 0 2 1 2 2 1 2 1 3 3 1 0 3 3 2 3 3 3 3 0 1 1 3 0 1 1 0 1 2 3 3 3 0 1 2 3 2 2 3 0 2
0 124 243 26 5 6 1 6 1 100 26 0 0 0 23 0
3 0 3 2 2 0 1 0 1 3 2 1 0 1 0 3 1 1 2 2 0 1 3 0 3 3 1 3 2 1 2 1 3 0 3 3 1 2 1 0 2 1 2 3 0 2 3 1 1 2 3 1 1 2 0 1 2 0 2 2 3 1 3 2 1 2 2 1 2 3 3 2 0 0 3 2 0 1 2 0 1 0 1 3 2 1 2 2 0 1 2 0 1 3 3 3 2 3 1 1 0 0 0 0 3 2 2 3 2 3 0 3 0 3 1 1 0 2 3 2 2 3 1 2
2 0 3 2 1 1 1 0 3 1 0 1 2 1 0 0 0 0 1 0 3 1 1 2 2 0 1 3 0 3 3 1 3 2 1 2 1 1 2 3 3 1 2 1 0 2 1 2 3 0 2 3 1 1 2 3 3 2 2 2 1 2 3 2 3 3 1 3 2 0 3 0 2 0 2 2 0 3 3 3 2 2 2 2 3 3 2 2 3 2 0 0 0 3 2 1 2 3 3 3 3 0 3 0 2 1 3 0 3 0 3 2 3 2 2 1 1 2 3 0 2 3 3 2 1 1 1 0 1 1 2 1 3 3 0 0 3 3 2 3 2 2 3 2 2 3 1 2 1 2 2 3 2 2 3 2 1 2 2 1 3 0 1 1 2 3 1 3 3 3 0 2 3 3 2 1 1 2 1 0 2 3 1 2 2 3 2 3 3 2 3 3 3 2 1 3 2 2 1 2 1 1 1 3 2 3 3 3 0 3 3 0 1 3 2 0 2 3 3 3 2 1 1 0 2 3 1 0 2 1 2 0 0 0 3 2 2 1 2 0 1 2 1
0 124 243 26 5 6 1 6 1 100 115 124 124 115 124 0
2 2 1 3 3 2 3 0 2 0 1 0 2 3 0 0 3 3 0 0 2 3 3 2 1 3 2 3 0 1 1 2 0 1 1 2 3 1 1 1 3 3 2 2 1 0 3 1 3 3 2 1 0 0 3 3 2 3 0 3 2 2 1 1 2 3 3 2 3 0 1 1 3 1 1 3 0 1 3 3 2 2 1 1 3 0 3 2 1 3 3 3 2 2 2 0 2 3 0 2 2 0 3 3 0 3 3 3 1 3 2 0 1 3 2 1 0 3 3 3 0 2 3 2
1 2 1 3 3 2 3 0 2 0 1 0 2 3 0 0 3 3 0 0 2 3 3 2 1 3 2 3 0 1 1 2 0 1 1 2 3 1 1 1 3 3 2 2 1 3 3 1 3 3 1 1 0 3 3 3 2 3 0 3 2 2 1 1 2 3 3 2 3 0 1 1 2 1 1 3 0 1 3 3 2 2 1 1 3 3 3 2 1 3 3 3 2 2 2 0 2 3 0 2 2 0 3 3 0 3 3 3 1 3 1 0 1 3 2 1 0 3 3 3 0 2 3 2 3 2 0 0 0 3 2 3 1 2 0 3 3 2 0 1 0 0 0 1 0 0 0 0 0 1 0 0 0 2 3 0 0 1 0 3 3 0 1 2 1 1 2 1 3 1 0 2 2 3 1 1 1 3 1 3 1 3 1 2 1 0 1 1 3 2 0 2 1 2 2 3 1 2 3 1 3 3 0 3 0 3 3 3 3 0 0 0 0 2 2 0 2 3 3 2 3 0 2 3 0 2 2 0 2 1 2 3 2 2 3 1 0 2 1 3 2 1 3
0 125 245 25 5 6 1 6 1 100 145 125 125 145 125 0
1 0 0 0 2 2 3 1 3 0 0 0 0 2 3 1 1 0 0 0 1 3 1 1 3 0 2 3 3 1 0 2 2 2 3 1 2 0 3 0 2 1 3 2 1 1 1 2 1 2 1 0 0 0 0 2 1 2 2 2 3 1 2 3 2 2 1 2 0 0 0 3 3 2 0 0 0 3 0 2 3 3 2 1 0 0 3 0 3 1 2 2 3 3 0 2 2 2 1 1 0 2 1 0 2 1 2 2 2 3 2 3 0 3 0 3 1 1 1 2 3 0 3 1 2
0 0 0 0 2 2 3 1 3 0 0 0 0 2 3 1 1 0 0 0 1 3 1 1 3 0 2 3 3 1 0 2 2 2 3 1 2 0 3 0 2 1 3 2 1 1 1 2 1 2 1 0 0 0 0 2 1 2 2 2 3 1 2 3 2 2 1 2 0 0 0 3 3 2 0 0 0 3 0 2 3 3 2 1 0 0 3 0 3 1 2 2 3 3 0 2 2 2 1 1 0 2 1 0 2 1 2 2 2 3 2 3 0 3 0 3 1 1 1 2 3 0 3 1 2 3 3 3 0 0 0 3 0 0 1 0 2 1 1 1 3 0 2 1 0 1 0 0 0 1 1 2 1 3 2 2 3 1 2 0 0 2 3 1 2 3 1 0 0 2 2 1 1 1 0 2 1 3 1 3 0 0 2 0 0 2 2 3 2 0 2 2 1 1 2 3 3 0 0 0 1 2 0 0 0 0 1 0 2 2 3 1 2 1 1 2 0 1 1 3 3 3 3 2 0 2 2 2 1 2 3 1 0 2 3 3 2 0 1 1 2 1 2 0 2
0 126 247 24 5 6 1 6 1 100 135 126 126 135 126 0
2 3 0 2 0 0 0 1 3 2 3 0 3 3 1 2 2 1 3 0 1 2 3 3 2 2 2 3 3 0 3 0 0 1 2 2 2 2 2 3 1 1 1 2 1 1 3 3 0 3 3 0 0 0 1 2 2 2 2 1 0 2 0 0 0 0 0 0 3 3 0 2 1 2 0 1 3 0 3 2 0 1 3 1 3 3 3 0 3 3 2 1 0 2 0 0 0 3 0 3 3 2 1 3 0 2 1 2 1 3 1 0 0 3 3 0 3 3 2 1 2 1 2 2 3 3
1 3 0 2 0 0 0 1 3 1 3 0 3 3 1 2 2 1 3 0 1 2 3 3 2 2 2 3 3 0 3 0 0 1 2 2 2 2 2 3 1 1 1 2 1 1 3 3 0 3 3 0 0 0 1 2 2 2 2 1 0 2 0 0 0 0 0 0 3 3 0 2 1 2 0 1 3 0 3 1 0 1 3 1 3 3 3 0 3 3 2 1 0 2 0 0 0 3 0 3 3 2 1 3 0 2 1 2 1 3 1 0 0 3 3 0 3 3 2 1 2 1 2 2 3 3 1 3 0 1 3 0 2 3 3 2 2 0 1 3 3 0 3 2 1 2 0 1 1 0 3 2 0 1 1 1 2 3 1 0 1 2 1 1 0 2 0 1 1 1 0 0 3 0 2 1 0 1 2 2 3 2 3 1 3 3 0 0 0 2 0 3 3 0 1 2 3 1 2 1 0 3 0 0 1 1 1 2 1 3 1 1 1 2 1 2 1 3 0 2 1 1 2 3 3 0 1 1 2 3 0 3 3 2 1 0 0 2 3 2 0 0 0 2 3 2 0
0 126 247 24 5 6 1 6 1 100 120 126 126 120 126 0
3 0 1 3 2 1 2 2 1 2 3 1 1 2 2 0 1 1 1 2 0 3 0 0 0 2 0 0 3 0 1 0 1 1 2 0 1 1 0 3 1 2 0 1 3 2 1 2 2 3 1 0 3 1 1 1 0 0 2 1 2 2 1 3 0 3 3 1 2 3 0 1 3 0 2 2 2 1 2 2 2 1 1 0 0 0 2 3 1 1 2 0 0 0 1 2 1 3 0 3 1 2 3 1 2 0 3 2 0 2 2 1 2 2 3 2 1 1 2 3 3 3 2 2 2 3
2 0 1 3 2 1 2 2 1 2 3 1 1 2 2 0 1 1 1 2 0 3 0 0 0 2 0 0 2 0 1 0 0 1 2 0 1 1 0 3 1 2 0 1 3 2 1 2 2 3 1 0 3 1 1 1 0 0 2 1 2 2 1 3 0 3 3 1 2 3 0 1 3 0 2 2 2 1 2 2 2 1 1 0 0 0 2 3 1 1 2 0 0 0 1 2 1 2 0 3 1 2 3 1 2 0 2 2 0 2 2 1 2 2 2 2 1 1 2 3 3 3 2 2 2 3 2 2 1 1 2 3 3 0 2 2 3 0 1 0 2 1 2 1 2 2 1 3 2 1 2 3 1 1 2 2 1 2 2 3 2 1 0 2 3 2 3 0 0 0 0 0 2 3 0 0 0 1 2 1 3 2 1 0 3 3 2 2 1 1 2 2 1 2 3 0 2 1 0 0 3 0 1 3 3 0 3 3 3 3 0 1 0 3 2 1 2 1 0 0 2 1 2 0 1 3 2 1 2 2 1 3 1 0 0 2 0 0 2 2 1 2 1 2 1 3 2
0 127 249 23 5 6 1 6 1 100 120 127 127 120 127 0
0 1 1 2 3 1 2 3 2 3 2 0 1 3 0 3 0 2 1 0 2 3 0 2 3 0 2 3 3 0 3 3 0 1 3 0 1 0 0 1 2 2 2 1 2 3 0 2 1 2 1 2 1 1 2 3 2 0 3 0 1 2 2 0 3 2 3 3 2 2 3 0 1 0 3 1 3 3 3 1 0 1 2 0 1 1 0 2 0 0 3 2 2 1 1 2 0 2 2 1 0 0 0 1 1 2 3 2 2 3 1 2 3 1 3 2 2 1 3 2 3 3 0 0 0 2 2
3 1 1 2 3 1 2 3 1 3 2 0 1 3 0 3 0 2 1 0 2 3 0 2 3 0 2 3 3 0 3 3 0 1 3 0 1 0 0 1 2 2 2 1 2 3 0 2 1 2 1 2 1 1 2 3 2 3 3 0 1 2 2 0 3 2 3 3 2 2 3 0 1 0 3 1 3 3 3 1 0 1 1 0 1 1 0 2 0 0 3 2 2 1 1 2 3 2 2 1 0 0 0 1 1 2 2 2 2 3 1 2 3 1 3 2 2 1 3 2 3 3 0 0 0 2 2 2 2 1 1 3 1 0 0 1 3 2 1 1 0 2 3 1 1 2 0 1 3 2 1 0 2 0 0 2 0 3 2 2 3 2 1 2 1 3 2 1 1 2 2 0 0 0 3 0 3 1 1 2 0 0 0 0 1 2 3 3 1 1 0 0 2 0 0 0 1 2 3 1 0 0 3 3 0 1 0 0 1 2 2 3 0 3 3 2 1 3 3 0 0 3 3 0 0 3 2 2 2 0 0 2 0 0 2 0 1 0 1 2 2 1 1 1 1 0 2 0 1
0 127 249 23 5 6 1 6 1 100 140 127 127 140 127 0
2 0 0 2 0 1 2 2 3 2 2 1 2 3 3 0 1 0 0 2 0 2 0 0 0 1 2 0 1 2 2 3 3 0 3 2 2 1 2 1 3 2 2 1 3 2 1 2 0 1 3 2 2 3 2 2 3 1 3 2 1 1 1 2 0 0 0 1 0 2 1 3 1 3 0 2 1 3 2 1 2 0 1 0 0 1 2 0 2 0 1 1 2 1 2 1 2 2 0 1 1 1 0 0 1 2 2 1 0 1 2 1 1 1 0 3 3 0 2 1 2 2 3 2 3 1 2
1 0 0 2 0 1 2 2 3 1 2 1 2 3 3 0 1 0 0 2 0 2 0 0 0 1 2 0 1 2 2 3 3 0 3 2 2 1 2 1 3 2 2 1 3 2 1 2 0 1 3 2 2 3 2 2 3 1 3 2 1 1 1 2 0 0 0 1 0 2 1 3 1 3 0 2 1 3 2 1 2 0 1 0 0 1 2 0 2 0 1 1 2 1 2 1 2 2 0 1 1 1 0 0 1 2 2 1 0 1 2 1 1 1 0 3 3 0 2 1 2 2 3 2 3 1 2 2 1 1 3 1 2 2 0 1 2 2 3 2 0 2 2 3 2 1 1 0 1 0 1 2 1 0 0 0 2 1 2 2 3 1 0 1 2 1 0 1 3 2 1 2 1 0 2 0 1 1 2 0 1 3 1 2 2 1 2 3 0 2 1 3 3 2 1 0 1 2 2 1 2 0 1 2 0 1 3 0 1 1 0 2 3 1 0 3 2 2 1 2 3 0 3 2 1 1 2 1 0 1 1 2 3 3 0 1 2 1 0 0 2 0 0 2 1 2 2 3 3
0 128 251 22 5 6 1 6 1 100 145 128 128 145 128 0
2 2 3 2 2 3 0 0 1 2 1 2 0 1 3 3 0 3 0 2 0 1 1 2 0 1 0 3 0 3 0 2 0 2 1 3 0 2 2 2 1 3 3 3 3 2 2 0 0 2 0 0 2 2 2 1 1 3 1 2 3 1 1 3 2 3 2 0 1 1 2 1 0 1 0 0 1 3 0 1 1 1 2 1 1 1 3 0 0 2 3 1 1 2 1 1 3 0 2 3 1 3 1 0 3 0 0 0 2 1 0 0 0 2 3 1 1 2 1 3 0 1 2 1 2 1 1 0
1 2 3 2 2 3 0 0 1 2 1 2 0 1 3 3 0 3 0 2 0 1 1 2 0 1 0 3 0 3 0 2 0 2 1 3 0 2 2 2 1 3 3 3 3 2 2 0 0 2 0 0 2 2 2 1 1 3 1 2 3 1 1 3 2 3 2 0 1 1 2 1 0 1 0 0 1 3 0 1 1 1 2 1 1 1 3 0 0 2 3 1 1 2 1 1 3 0 2 3 1 3 1 0 3 0 0 0 2 1 0 0 0 2 3 1 1 2 1 3 0 1 2 1 2 1 1 0 3 3 1 0 0 1 2 3 1 1 3 0 0 0 2 3 0 1 3 3 3 3 0 0 3 0 2 2 1 0 1 3 2 1 3 0 2 2 1 1 2 3 1 0 1 1 3 0 3 3 0 1 0 2 3 2 2 1 1 2 0 0 0 3 2 3 1 1 2 1 1 0 0 2 1 2 1 3 1 0 1 3 3 2 3 1 2 1 1 1 3 0 1 3 0 1 0 0 0 3 0 2 3 2 2 2 0 2 3 3 1 2 2 3 2 1 2 1 3 2 1 3 3
0 129 253 21 5 6 1 6 1 100 120 129 129 120 129 0
2 0 0 2 1 2 1 1 2 0 1 1 1 2 0 0 1 3 0 3 3 3 2 2 1 0 1 0 0 0 2 2 3 1 3 0 3 0 0 2 3 0 2 3 1 1 0 0 1 3 0 1 3 1 2 2 0 1 0 0 0 3 3 0 0 1 3 1 2 2 3 1 1 2 2 2 3 3 3 2 3 2 2 3 1 2 1 0 3 1 2 1 2 3 0 3 3 2 1 0 0 0 1 3 3 0 3 3 3 2 1 1 2 1 2 0 0 2 1 1 0 3 2 3 1 0 3 1 0
1 0 0 2 1 2 1 1 1 0 1 1 1 2 0 0 1 3 0 3 3 3 2 2 1 0 1 0 0 0 2 2 3 1 3 0 3 0 0 2 3 0 2 3 1 1 0 0 1 3 0 1 3 1 2 2 0 1 3 0 0 3 3 0 0 1 3 1 2 2 3 1 1 2 2 2 2 3 3 2 3 2 2 3 1 2 1 0 2 1 1 1 2 3 0 3 3 2 1 0 0 0 1 3 3 0 3 3 3 2 1 1 2 1 2 0 0 2 1 1 0 3 2 3 1 0 3 1 0 0 2 3 2 2 3 2 0 0 2 1 1 0 0 0 0 0 1 2 0 2 2 1 3 1 2 3 3 0 0 0 2 0 2 3 3 2 2 3 2 0 0 2 3 3 2 2 3 1 0 0 1 3 0 1 3 0 0 2 1 1 0 1 1 1 2 3 0 0 2 3 0 3 1 2 2 3 1 1 1 3 0 2 1 1 2 1 1 3 0 1 2 3 1 2 0 2 1 0 2 1 3 2 2 1 0 2 3 1 3 2 1 3 2 2 2 1 1 2 2 3 1 2 1
0 130 255 20 5 6 1 6 1 100 145 130 130 145 130 0
0 3 3 0 1 1 1 0 0 3 3 3 1 3 1 3 1 2 1 3 0 3 0 3 3 0 3 1 2 1 1 2 1 1 1 0 1 2 0 0 1 3 1 1 2 0 1 0 2 0 1 0 2 0 2 3 1 1 2 3 0 0 3 1 2 0 1 3 3 2 1 1 2 3 1 3 0 3 1 3 1 3 3 3 3 1 2 2 2 2 1 3 1 0 1 3 0 3 0 0 0 0 3 2 2 3 0 2 3 3 2 2 2 1 3 1 1 2 2 0 2 2 0 3 0 3 0 1 2 0
3 3 3 0 1 1 1 0 0 3 3 3 1 3 1 3 1 2 1 3 0 3 0 3 3 0 3 1 2 1 1 2 1 1 1 0 1 2 0 0 1 3 1 1 2 0 1 0 2 0 1 0 2 0 2 3 1 1 2 3 0 0 3 1 2 0 1 3 3 2 1 1 2 3 1 3 0 3 1 3 1 3 3 3 3 1 2 2 2 2 1 3 1 0 1 3 0 3 0 0 0 0 3 2 2 3 0 2 3 3 2 2 2 1 3 1 1 2 2 0 2 2 0 3 0 3 0 1 2 0 1 3 3 2 3 2 3 0 1 0 3 1 3 1 0 1 2 2 0 2 0 0 3 2 0 1 3 2 2 1 0 3 3 1 1 0 2 3 3 1 1 3 1 3 3 1 3 1 3 1 2 3 3 0 1 3 3 1 2 3 1 2 3 0 3 3 1 1 2 1 3 0 1 3 0 0 1 0 2 1 2 2 2 0 1 3 0 2 1 0 2 3 0 2 0 1 0 3 0 2 3 2 2 1 2 2 1 0 3 1 0 1 1 2 1 1 2 1 2 0 1 1 0 3 3
0 131 257 19 5 6 1 6 1 100 130 131 131 130 131 0
1 1 1 0 2 3 2 2 1 3 2 1 3 0 1 0 0 1 0 3 2 0 1 0 0 2 2 1 1 0 0 0 1 3 0 2 3 1 1 3 3 1 2 0 1 1 0 1 0 1 2 0 0 2 0 1 2 1 2 1 3 0 0 0 0 0 0 2 0 3 2 2 1 2 0 1 1 2 3 1 2 3 1 2 1 2 3 1 1 2 3 1 1 0 0 0 0 2 3 3 0 3 1 0 3 2 0 1 1 2 1 0 3 1 1 2 1 1 2 3 3 0 3 1 2 1 0 0 3 3 3
0 1 0 0 2 3 2 2 1 3 2 1 3 0 1 0 0 1 0 3 2 0 1 0 0 2 2 1 1 0 0 0 1 3 0 2 0 1 1 3 3 1 2 0 1 1 0 1 0 1 2 0 0 2 0 1 2 1 2 1 3 0 0 0 0 0 0 2 0 3 2 2 1 2 0 1 1 2 3 1 2 3 1 2 1 2 3 1 1 2 3 1 1 0 0 0 0 2 3 3 0 3 0 0 3 2 0 1 1 2 1 0 3 1 1 2 1 1 2 3 3 0 3 1 2 1 0 0 3 3 3 2 3 1 1 1 2 0 0 2 3 2 1 0 0 1 3 0 2 1 2 2 3 0 0 3 2 1 2 0 1 1 0 0 3 2 0 2 3 0 1 0 0 3 3 3 3 3 0 0 0 2 0 0 0 1 3 1 0 0 2 0 1 1 1 0 0 3 0 1 3 1 0 3 3 3 2 3 0 3 2 1 1 0 2 1 0 3 1 3 3 3 0 1 1 1 2 1 1 0 0 3 3 2 0 0 0 1 1 2 2 2 2 1 0 0 0 2 2 3 2 2 3 1 0 3 3
0 131 257 19 5 6 1 6 1 100 130 131 131 130 131 0
2 0 1 3 0 0 1 0 2 1 3 3 3 0 1 2 0 1 2 2 1 2 2 3 3 0 0 1 3 2 1 0 3 3 1 0 2 3 1 0 0 0 1 1 2 3 3 3 1 3 0 2 3 1 1 0 0 2 1 0 1 3 1 2 0 1 1 2 0 1 2 2 2 3 0 0 1 0 2 2 0 0 2 1 3 0 3 3 0 1 1 3 3 2 3 3 3 3 3 3 0 2 1 2 2 1 3 1 2 0 2 1 3 0 3 3 3 1 3 3 1 0 2 1 2 3 1 3 3 2 1
1 0 1 3 0 0 1 0 2 1 3 3 3 0 1 2 0 1 2 2 1 2 2 3 3 0 0 1 3 2 1 0 2 3 1 0 2 3 1 0 3 0 1 1 2 3 3 3 1 3 0 2 3 1 1 0 0 2 1 0 1 3 1 2 0 1 1 2 0 1 2 2 2 3 0 0 1 0 2 1 0 0 2 1 3 0 3 3 0 1 1 3 3 2 3 3 3 3 3 3 0 2 1 2 2 1 3 1 2 0 2 1 3 0 3 3 3 1 3 3 1 0 2 1 2 3 1 3 3 2 1 2 1 3 3 1 2 2 1 2 2 1 1 3 3 3 3 1 0 0 0 3 3 1 0 2 1 1 2 3 3 0 2 0 1 0 3 0 0 0 0 0 1 2 1 1 1 1 3 3 2 3 2 0 0 0 2 2 0 1 2 3 2 1 1 0 3 0 0 3 2 0 0 0 3 1 2 2 3 1 0 0 0 0 3 2 3 0 1 1 3 1 2 3 3 3 0 3 0 1 0 2 3 2 0 2 3 1 0 2 1 1 2 1 0 2 3 1 0 0 2 3 0 0 2 3 1
0 19 33 85 5 6 1 6 1 100 94 19 19 94 19 0
3 2 2 0 1 3 3 0 2 0 1 2 0 2 3 3 0 1 2
2 2 2 0 1 3 3 0 2 3 1 2 0 2 3 3 0 1 2 2 0 0 1 2 0 0 2 0 2 3 3 1 0
0 8 43 31 5 6 1 6 1 100 34 8 8 34 8 0
0 3 3 0 1 0 0 0
3 3 3 0 1 0 0 0 3 0 2 1 0 2 1 1 0 3 3 1 2 2 1 3 2 2 3 0 2 3 0 1 1 1 2 1 3 3 2 1 0 2 0
0 13 50 28 5 6 1 6 1 100 31 13 13 31 13 0
0 0 0 0 3 2 2 3 0 1 3 2 0
3 0 0 0 2 2 2 3 0 1 3 2 0 0 0 2 0 1 2 0 3 0 2 2 0 0 1 2 2 1 2 1 2 3 0 0 0 1 2 3 0 0 3 0 0 3 3 2 2 3
0 8 59 47 5 6 1 6 1 100 50 8 8 50 8 0
2 3 3 3 3 3 0 3
1 3 3 3 3 3 0 3 2 2 1 2 2 2 3 2 1 2 1 2 3 3 2 3 3 2 0 2 1 1 2 3 0 0 1 1 2 3 2 2 1 0 2 0 3 0 2 3 1 1 3 3 1 0 2 3 3 2 2
0 18 66 23 5 6 1 6 1 100 36 18 18 36 18 0
3 0 0 2 1 2 2 1 3 2 3 1 0 1 3 3 0 0
2 0 0 2 1 2 2 1 3 2 3 1 0 1 3 3 0 0 2 3 1 2 3 1 0 3 3 1 2 1 2 2 1 0 2 3 1 3 2 2 3 1 3 3 3 3 1 3 1 3 0 0 0 0 2 0 0 1 0 2 2 2 1 2 3 0
0 18 66 23 5 6 1 6 1 100 36 18 18 36 18 0
3 0 0 2 1 2 2 1 3 2 3 1 0 1 3 3 0 0
2 0 0 2 1 2 2 1 3 2 3 1 0 1 3 3 0 0 2 3 1 2 3 1 0 3 3 1 2 1 2 2 1 0 2 3 1 3 2 2 3 1 3 3 3 3 1 3 1 3 0 0 0 0 2 0 0 1 0 2 2 2 1 2 3 0
0 25 69 23 5 6 1 6 1 100 43 25 25 43 25 0
2 1 0 1 1 2 3 3 3 2 1 2 1 2 3 1 2 3 1 2 1 0 3 0 0
1 1 0 1 1 2 3 3 3 2 1 2 1 2 3 1 2 3 1 2 1 0 3 0 0 1 1 1 1 2 3 3 3 0 2 1 1 2 3 3 3 3 3 3 0 1 1 0 2 1 3 0 1 3 3 0 0 1 1 1 1 2 3 2 0 1 1 1 3
0 5 73 47 5 6 1 6 1 100 47 0 0 47 5 0
2 1 0 2 3
0 1 0 2 3 1 2 2 0 1 2 2 1 0 1 3 2 1 1 0 2 3 0 3 2 2 1 1 0 3 3 3 1 3 0 3 1 0 1 2 1 2 1 0 2 3 2 1 1 1 2 1 3 0 3 2 1 1 0 0 3 0 2 2 1 1 2 2 3 2 3 0 1
0 29 74 20 5 6 1 6 1 100 39 29 29 39 29 0
3 2 2 1 1 0 0 3 3 3 3 3 2 1 0 1 1 2 3 3 2 0 1 3 1 2 1 2 1
2 2 2 1 1 0 0 3 3 3 3 3 2 1 0 1 1 2 3 3 2 3 1 3 1 2 1 2 1 3 3 1 2 2 2 0 1 2 0 1 2 1 2 3 3 1 2 2 1 1 3 3 0 1 1 3 0 1 3 3 3 3 0 2 3 3 1 2 0 0 2 2 3 1
0 40 75 20 5 6 1 6 1 100 50 40 40 50 40 0
0 3 0 2 3 3 3 1 3 0 1 1 0 0 0 2 2 3 2 1 1 2 1 3 0 3 2 2 0 2 1 3 0 3 3 0 1 0 0 0
3 3 0 2 3 3 3 1 3 0 1 1 0 0 0 2 2 3 2 1 1 2 1 3 0 3 2 2 0 2 1 3 3 3 3 0 1 0 0 0 3 0 2 1 0 2 1 1 0 3 3 1 2 2 1 3 2 2 3 0 2 3 0 1 1 1 2 1 3 3 2 1 0 2 0
0 26 79 31 5 6 1 6 1 100 52 26 26 52 26 0
0 3 3 0 2 3 2 2 3 2 0 1 3 1 1 3 2 1 1 0 3 0 0 3 2 1
3 3 3 0 2 3 2 2 3 2 0 1 3 1 1 3 2 1 1 0 3 0 0 3 2 1 1 1 2 2 0 0 1 1 1 1 3 0 1 2 2 3 2 2 2 0 2 3 3 0 1 1 3 2 1 0 1 3 1 2 0 0 0 2 2 1 0 1 1 2 2 0 2 0 0 3 0 0 0
0 21 81 20 5 6 1 6 1 100 36 21 21 36 21 0
2 2 3 2 0 1 1 3 3 1 2 1 1 2 0 0 3 2 1 1 2
1 2 3 2 0 1 1 3 3 1 2 1 1 2 0 0 3 2 1 1 2 0 1 1 2 3 1 3 0 1 3 3 3 2 1 0 1 3 0 1 1 0 3 3 3 0 3 0 0 0 1 2 1 2 2 1 1 1 0 1 1 0 1 1 2 1 0 2 0 2 2 1 2 3 3 2 2 1 2 1 0
0 6 83 55 5 6 1 6 1 100 56 6 6 56 6 0
0 3 0 3 2 3
3 3 0 3 2 3 0 3 1 2 3 2 1 3 0 0 1 3 0 0 3 3 3 0 3 3 2 2 0 0 3 3 0 3 3 2 3 3 0 1 2 2 1 3 2 1 0 0 3 0 1 0 2 1 1 2 3 0 0 0 0 0 0 0 3 0 2 3 1 3 0 3 3 3 0 2 2 2 2 0 0 1 0
0 15 83 57 5 6 1 6 1 100 67 15 15 67 15 0
2 1 0 3 2 3 2 0 1 2 3 0 2 0 0
1 1 0 3 2 3 2 0 1 2 3 0 2 0 0 2 3 2 3 1 2 1 3 1 0 0 2 3 3 0 0 0 2 3 2 0 1 3 1 0 2 0 2 1 1 1 0 1 1 3 1 3 2 3 1 2 2 0 1 1 2 2 3 0 2 3 0 0 3 2 1 2 2 3 0 0 2 1 0 1 2 3 1
0 23 84 28 5 6 1 6 1 100 41 23 23 41 23 0
3 2 2 2 3 2 3 2 0 1 3 1 1 0 3 1 3 3 2 3 0 1 3
2 2 2 2 3 2 3 2 3 1 3 1 1 0 3 1 3 3 2 3 0 1 3 2 0 1 0 3 3 2 1 3 2 0 0 0 0 0 2 2 1 3 3 2 0 0 1 3 3 2 0 2 1 3 2 1 3 3 3 1 2 2 0 1 2 0 1 1 3 3 1 2 2 2 0 2 2 3 1 1 3 0 3 3
0 20 86 50 5 6 1 6 1 100 60 20 20 60 20 0
0 2 3 0 0 1 1 0 2 3 1 3 1 3 3 2 2 2 1 0
3 2 3 0 0 1 1 0 2 3 1 3 1 2 3 2 2 2 1 0 3 0 0 0 3 2 1 3 2 2 1 0 1 3 3 3 2 2 1 1 2 1 3 3 3 0 2 2 3 2 0 3 2 1 1 0 2 1 2 1 0 0 2 2 1 1 2 1 1 1 1 0 2 0 1 0 1 1 0 0 1 0 0 0 2 3
0 8 87 75 5 6 1 6 1 100 78 8 8 78 8 0
2 1 2 3 3 3 3 1
1 1 2 3 3 3 3 1 0 1 2 0 1 1 2 1 2 3 3 3 0 1 3 3 0 0 3 2 1 1 2 1 1 2 0 1 2 1 0 1 1 2 1 1 2 2 0 1 0 1 1 0 2 0 1 1 2 1 1 1 0 1 1 0 0 0 0 3 2 0 2 0 1 2 2 3 3 2 2 3 2 1 1 0 2 3 0
0 26 90 28 5 6 1 6 1 100 44 26 26 44 26 0
1 3 1 2 2 0 0 1 2 1 0 3 3 3 2 2 2 1 2 3 3 0 2 3 3 3
0 3 1 2 2 0 0 1 2 1 0 3 3 3 2 2 2 1 2 2 3 0 2 3 3 3 2 1 2 0 1 1 0 3 1 0 3 3 2 1 3 3 1 1 0 0 3 0 1 3 3 0 1 1 0 1 0 0 1 3 1 0 2 1 2 1 2 1 2 2 0 3 3 0 3 0 0 0 2 1 0 0 1 2 3 3 2 1 1 0
0 24 91 47 5 6 1 6 1 100 66 24 24 66 24 0
1 3 2 2 1 3 3 3 0 0 2 0 2 3 2 3 3 0 2 0 0 2 0 0
0 3 2 2 1 3 3 3 0 0 2 0 2 3 2 3 3 0 2 0 0 2 0 0 2 3 3 1 1 0 0 1 1 2 3 3 3 0 0 2 3 0 2 1 3 1 1 2 1 3 0 2 0 0 0 0 3 0 3 0 2 3 0 0 2 2 3 1 2 2 2 3 2 3 0 3 1 2 2 1 3 0 3 3 3 3 3 2 3 2 3
0 26 93 45 5 6 1 6 1 100 66 26 26 66 26 0
2 3 0 1 2 0 0 2 1 2 3 2 0 2 2 1 2 1 3 2 1 1 0 0 0 2
1 3 0 1 2 0 0 2 1 2 3 2 0 2 2 1 2 1 3 2 1 1 0 0 0 2 0 1 1 2 1 0 3 2 2 1 1 3 1 3 2 1 3 1 1 3 0 2 0 2 1 2 2 1 2 2 3 2 2 3 2 0 1 2 2 1 2 2 0 0 2 0 1 1 0 2 2 2 3 1 1 0 2 1 3 2 3 3 0 2 2 3 1
0 29 94 29 5 6 1 6 1 100 47 23 23 43 29 0
0 2 1 3 2 2 2 3 1 0 3 3 0 0 2 3 3 0 0 0 2 0 0 3 0 0 0 1 3
3 2 1 3 2 2 2 3 1 0 3 3 0 0 2 3 3 0 0 0 2 0 0 2 0 0 0 1 2 0 0 3 3 2 2 2 2 3 2 0 0 0 2 3 0 2 3 2 1 2 2 1 2 2 3 3 0 3 3 0 1 1 2 1 3 0 2 1 0 1 1 2 3 1 1 0 3 2 3 1 2 1 2 2 2 0 1 0 0 0 3 2 1 3
0 8 98 32 5 6 1 6 1 100 35 8 8 35 8 0
0 0 3 1 2 1 0 0
3 0 3 1 2 1 0 0 0 2 1 2 1 3 0 2 1 2 2 3 1 1 0 3 3 0 0 1 0 1 0 1 1 0 0 1 3 1 1 2 0 0 1 0 0 0 2 3 2 3 3 2 2 2 1 2 3 2 2 0 1 2 1 3 0 1 0 2 1 2 0 0 0 2 1 1 0 0 2 2 3 1 3 2 1 0 0 1 3 3 0 3 1 1 1 1 1 2
0 14 99 41 5 6 1 6 1 100 45 14 14 45 14 0
2 0 2 1 1 1 0 3 3 2 1 2 3 2
1 0 1 1 1 1 0 3 3 2 1 2 3 2 3 0 1 3 2 2 3 3 0 1 2 2 2 3 0 3 0 0 1 2 2 2 0 1 2 3 3 3 2 1 2 0 1 2 3 0 3 0 1 1 2 1 3 1 2 0 0 2 3 3 3 0 3 2 3 0 2 1 2 0 2 3 2 2 3 1 2 2 2 1 0 0 2 1 2 0 0 0 3 2 1 2 3 3 3
0 53 101 31 5 6 1 6 1 100 64 53 53 64 53 0
3 3 0 1 1 3 3 2 3 1 1 2 0 0 2 3 0 2 3 0 1 3 1 0 2 3 0 2 3 3 2 0 0 3 2 3 0 0 2 1 2 2 1 3 2 3 1 0 1 3 3 0 0
2 3 0 3 1 3 3 2 3 1 1 1 0 0 2 3 0 2 3 0 1 3 1 0 2 3 0 2 3 3 2 0 0 3 2 2 0 0 2 1 2 2 1 3 2 3 1 0 1 3 3 0 0 2 3 1 2 3 1 0 3 3 1 2 1 2 2 1 0 2 3 1 3 2 2 3 1 3 3 3 3 1 3 1 3 0 0 0 0 2 0 0 1 0 2 2 2 1 2 3 0
0 53 101 31 5 6 1 6 1 100 64 53 53 64 53 0
3 3 0 1 1 3 3 2 3 1 1 2 0 0 2 3 0 2 3 0 1 3 1 0 2 3 0 2 3 3 2 0 0 3 2 3 0 0 2 1 2 2 1 3 2 3 1 0 1 3 3 0 0
2 3 0 3 1 3 3 2 3 1 1 1 0 0 2 3 0 2 3 0 1 3 1 0 2 3 0 2 3 3 2 0 0 3 2 2 0 0 2 1 2 2 1 3 2 3 1 0 1 3 3 0 0 2 3 1 2 3 1 0 3 3 1 2 1 2 2 1 0 2 3 1 3 2 2 3 1 3 3 3 3 1 3 1 3 0 0 0 0 2 0 0 1 0 2 2 2 1 2 3 0
0 42 102 22 5 6 1 6 1 100 54 42 42 54 42 0
1 3 0 2 3 1 2 2 3 1 3 3 1 3 3 2 3 3 1 3 1 2 2 3 2 0 1 1 3 3 1 2 1 1 2 0 0 3 2 1 1 2
0 3 0 2 3 1 2 2 3 1 3 3 1 3 3 2 3 3 1 3 1 1 2 3 2 0 1 1 3 3 1 2 1 1 2 0 0 3 2 1 1 2 0 1 1 2 3 1 3 0 1 3 3 3 2 1 0 1 3 0 1 1 0 3 3 3 0 3 0 0 0 1 2 1 2 2 1 1 1 0 1 1 0 1 1 2 1 0 2 0 2 2 1 2 3 3 2 2 1 2 1 0
0 4 103 99 5 6 1 6 1 100 99 0 0 98 4 0
2 1 3 3
1 1 3 3 3 3 0 3 2 0 3 0 2 2 3 3 3 2 2 3 0 1 3 3 1 2 2 1 0 0 1 3 0 0 0 0 0 3 0 1 1 0 2 3 2 0 3 0 3 3 1 1 3 3 1 3 2 3 0 2 3 3 1 2 0 3 0 0 0 1 2 2 1 3 3 3 0 1 1 1 2 0 0 2 3 3 3 0 1 0 0 0 0 2 1 0 3 2 3 0 2 2 3
0 9 105 27 5 6 1 6 1 100 31 9 9 31 9 0
1 0 0 3 2 1 2 3 3
0 0 0 3 2 1 2 3 3 3 0 0 0 1 2 1 0 1 2 2 3 3 3 3 0 0 0 0 2 3 0 0 2 3 0 3 3 3 1 3 3 3 3 3 0 0 1 3 1 3 3 2 0 0 3 2 0 2 3 3 3 0 0 0 2 0 0 0 1 3 1 0 1 0 3 3 3 0 0 0 0 3 1 0 2 3 2 0 3 0 0 0 0 2 0 3 3 0 3 0 1 3 0 1 3
0 28 106 54 5 6 1 6 1 100 72 23 23 72 28 0
2 2 3 2 0 1 1 1 1 2 0 1 1 2 1 2 0 1 1 2 3 2 3 0 3 3 3 2
1 2 3 2 0 1 1 1 1 2 0 1 1 2 1 2 0 1 1 2 3 2 3 3 3 3 3 2 0 1 1 0 1 3 2 2 3 0 1 0 0 2 2 3 0 2 0 1 3 0 1 1 3 0 2 0 0 3 1 0 2 3 1 2 0 0 0 3 2 3 2 0 0 0 3 0 0 1 0 0 0 0 1 0 2 0 1 0 1 1 0 0 0 0 0 3 1 0 1 2 0 1 1 1 2 1
0 3 110 41 5 6 1 6 1 100 41 0 0 39 3 0
1 0 0
0 0 0 1 0 0 0 1 0 0 3 0 0 1 0 2 1 2 1 0 0 0 1 2 3 0 0 3 3 1 2 1 1 3 3 2 1 2 0 1 3 2 3 1 0 2 2 2 3 1 3 3 1 0 3 0 0 0 0 2 2 1 1 2 0 0 0 0 2 0 1 3 0 2 2 0 3 3 2 1 0 0 1 0 2 2 0 1 3 0 0 1 2 2 1 2 2 0 0 1 0 0 0 3 0 0 3 0 0 1
0 26 110 61 5 6 1 6 1 100 82 26 26 82 26 0
3 1 2 1 0 2 0 2 0 2 0 3 3 2 1 0 0 0 2 3 2 3 3 0 2 1
2 1 2 1 0 2 0 2 0 2 0 3 3 2 1 0 0 0 2 3 2 3 3 0 2 1 2 3 3 3 3 0 1 3 0 2 0 2 3 0 1 3 2 2 2 1 2 1 3 0 3 2 2 1 2 2 1 3 3 0 1 0 2 0 1 1 2 1 1 3 1 1 0 1 1 3 1 0 0 0 1 3 3 1 0 1 3 3 3 1 1 0 1 3 3 1 2 1 0 3 2 2 1 0 1 2 3 0 0 2
0 2 113 20 5 6 1 6 1 100 20 0 0 17 2 0
0 2
3 2 2 0 1 0 3 2 2 3 1 3 2 0 0 1 0 1 2 3 1 3 3 3 0 2 2 0 2 2 3 1 2 2 0 1 2 2 0 0 2 0 0 2 0 1 3 0 3 0 3 0 3 0 0 3 3 3 0 3 3 1 3 3 0 3 3 1 3 0 1 0 3 1 2 1 1 3 1 0 0 1 0 0 0 0 0 1 0 1 0 0 0 3 2 3 3 3 2 3 3 0 1 1 2 0 2 0 3 2 3 2 0
0 6 114 56 5 6 1 6 1 100 57 6 6 57 6 0
3 2 1 1 3 2
2 2 1 1 3 2 0 1 1 3 3 1 3 3 1 3 0 2 0 1 0 0 0 1 0 2 0 2 0 1 2 1 2 1 0 2 2 1 3 3 0 3 0 0 1 3 3 2 0 1 2 0 1 2 2 1 1 3 3 1 1 2 2 3 1 0 0 0 3 3 3 0 3 2 2 3 2 1 0 2 1 3 0 0 0 0 1 3 1 2 3 0 2 0 1 2 3 0 3 0 0 1 1 2 1 3 3 1 3 3 3 2 2 1
0 60 115 20 5 6 1 6 1 100 70 60 60 70 60 0
0 2 1 0 2 0 1 2 2 3 2 2 0 2 3 2 1 2 2 3 1 2 1 0 0 1 2 0 2 1 1 1 1 0 1 1 3 1 2 0 1 3 3 3 2 3 2 2 3 1 2 3 0 2 3 0 2 3 2 0
3 2 1 0 2 0 1 2 2 3 2 2 0 2 3 2 1 2 2 3 1 2 1 0 0 1 2 0 2 1 1 1 1 0 1 1 2 1 2 0 1 3 3 3 2 3 2 2 3 1 2 3 0 2 3 0 2 3 2 0 3 2 2 1 0 1 3 2 3 2 3 3 0 3 2 3 1 0 1 2 1 2 3 0 3 3 0 2 2 2 3 2 1 2 2 1 3 2 1 0 1 3 3 2 2 3 1 3 1 0 2 0 0 3 2
0 1 117 25 5 6 1 6 1 100 25 0 0 21 1 0
2
1 3 3 3 1 3 1 2 3 1 3 0 1 3 3 2 2 1 2 3 0 0 3 0 0 1 3 3 3 2 1 2 1 2 3 1 2 1 3 0 1 1 2 2 0 1 3 2 1 0 0 0 2 3 2 0 3 0 3 3 3 1 2 2 3 0 0 1 3 0 2 3 1 1 0 0 2 1 2 1 2 2 1 3 3 1 1 2 2 3 1 2 3 3 0 0 3 1 0 1 3 3 0 2 3 1 1 2 3 3 0 1 1 1 0 1 1
0 49 118 24 5 6 1 6 1 100 68 49 49 68 49 0
3 2 0 1 1 0 0 2 3 1 2 1 0 1 2 0 1 3 2 1 2 0 1 0 1 0 0 0 2 3 0 2 0 1 0 2 1 2 3 2 0 0 2 3 2 0 0 0 1
2 2 0 1 1 0 0 2 3 1 2 1 0 1 2 0 1 3 2 1 2 0 1 0 1 0 0 0 2 3 0 2 0 1 0 2 1 2 3 2 0 0 2 3 2 0 0 0 1 2 0 1 2 3 2 3 2 3 1 1 2 1 2 0 3 3 1 1 2 0 1 3 3 2 3 1 1 2 0 0 2 2 2 3 1 2 3 1 1 3 1 2 3 1 0 2 1 3 3 3 3 3 2 1 0 0 3 1 0 3 0 0 2 3 0 3 1 1
0 15 119 86 5 6 1 6 1 100 96 15 15 96 15 0
3 0 2 1 3 0 0 1 2 3 3 1 3 0 3
2 0 2 1 3 0 0 1 2 3 3 1 3 0 3 1 0 0 0 1 2 3 0 2 3 0 0 2 0 3 3 3 0 2 0 3 3 1 0 0 0 1 0 3 0 0 2 3 0 0 3 0 0 2 3 1 0 0 0 0 0 2 0 0 0 1 3 0 3 3 2 3 0 0 3 0 2 0 1 1 0 0 1 3 0 0 2 0 0 2 3 3 3 3 0 0 0 2 0 0 0 3 0 0 3 1 3 0 0 2 2 0 0 3 0 2 3 0 0
0 38 121 48 5 6 1 6 1 100 69 31 31 66 38 0
2 1 2 2 0 0 3 2 0 1 1 2 3 2 0 1 3 0 2 0 2 3 2 2 0 0 2 2 1 3 3 2 2 1 1 3 1 1
1 1 2 1 0 0 3 2 0 1 1 2 3 2 0 1 3 0 2 0 2 3 2 2 0 0 2 2 1 3 3 1 1 1 1 3 1 1 2 0 3 3 0 2 3 1 0 1 0 2 1 1 3 2 1 3 0 0 0 0 1 0 2 1 2 3 1 3 0 1 3 3 1 3 3 1 0 1 3 0 1 3 0 3 3 0 0 1 2 2 1 1 3 0 1 0 2 0 1 3 2 3 0 2 2 1 1 2 3 3 0 0 3 3 3 2 3 1 3 0 0
0 22 123 44 5 6 1 6 1 100 61 22 22 61 22 0
0 3 2 0 1 0 3 1 1 3 3 3 3 0 0 3 1 3 3 3 0 3
3 3 2 0 1 0 3 1 1 3 3 3 3 0 0 3 1 3 3 3 0 3 1 3 1 3 2 3 1 3 0 3 3 3 0 1 3 3 3 3 3 1 3 3 3 3 2 3 3 2 3 2 0 0 3 1 2 1 3 1 1 3 1 1 3 2 2 3 1 1 2 0 2 0 1 0 0 0 2 1 2 2 3 1 0 0 1 3 0 1 1 2 1 1 1 1 3 2 0 2 1 2 3 3 1 3 0 0 3 3 1 2 3 1 1 3 2 3 2 1 3 0 0
