5
0 2 3 148 5 6 1 6 1 100 148 0 0 145 2 0
1 0
0 0 3
0 3 4 147 5 6 1 6 1 100 147 0 0 145 3 0
1 1 2
0 1 2 3
0 13 21 137 5 6 1 6 1 100 145 13 13 145 13 0
3 3 3 2 1 2 1 1 0 1 2 0 1
2 3 3 2 1 2 1 1 0 1 2 0 1 1 3 1 3 3 1 3 0
0 19 33 122 5 6 1 6 1 100 136 19 19 136 19 0
0 3 0 3 1 2 1 3 0 0 3 3 3 3 0 2 2 2 0
3 3 0 3 1 2 1 3 0 0 3 3 3 3 0 2 2 2 0 3 0 0 0 0 0 2 3 1 0 2 1 3 0
0 21 37 120 5 6 1 6 1 100 136 21 21 136 21 0
1 3 3 3 2 1 1 0 1 2 1 2 2 3 1 2 1 1 1 2 0
0 3 3 3 2 1 1 0 1 2 1 2 2 3 1 2 1 1 1 2 0 3 0 3 3 3 0 0 0 2 1 3 1 3 1 0 0
