200
0 2 3 148 5 6 1 6 1 100 148 0 0 145 2 0
1 0
0 0 3
0 3 4 147 5 6 1 6 1 100 147 0 0 145 3 0
1 1 2
0 1 2 3
0 13 21 137 5 6 1 6 1 100 145 13 13 145 13 0
3 3 3 2 1 2 1 1 0 1 2 0 1
2 3 3 2 1 2 1 1 0 1 2 0 1 1 3 1 3 3 1 3 0
0 2 126 126 5 6 1 6 1 100 126 0 0 123 2 0
0 1
3 1 0 1 0 2 2 1 0 3 3 2 3 0 3 3 2 3 3 2 2 3 0 1 2 2 1 2 2 3 2 2 3 2 2 3 1 2 1 2 3 2 0 1 2 1 2 1 3 0 3 3 0 2 2 2 3 3 0 1 2 3 2 3 3 0 1 1 3 2 2 3 1 3 3 2 1 2 0 1 2 2 0 0 1 2 0 2 0 0 2 1 2 1 0 3 3 0 1 0 0 0 2 2 3 1 2 3 0 2 1 2 2 3 2 1 1 2 2 0 1 0 2 1 1 3
0 12 129 42 5 6 1 6 1 100 49 12 12 49 12 0
3 1 2 2 1 2 2 3 1 2 3 3
2 1 2 2 1 2 2 3 1 2 3 3 2 3 0 2 3 3 3 0 1 2 1 2 3 1 2 2 3 1 2 1 0 0 3 2 3 3 2 2 0 2 1 1 1 3 0 0 1 0 2 1 0 0 1 0 3 2 3 3 2 3 1 1 1 2 1 3 0 0 0 1 2 0 2 2 2 1 2 3 1 0 1 3 3 3 2 2 1 0 1 3 3 3 3 0 1 1 2 2 1 0 2 3 1 1 1 0 0 1 2 2 3 0 3 2 3 1 3 2 3 2 2 2 3 2 2 3 0
0 7 132 43 5 6 1 6 1 100 45 7 7 45 7 0
1 1 1 3 3 1 3
0 1 1 3 3 1 3 1 3 3 3 0 1 1 3 3 3 0 3 3 3 3 3 1 3 3 2 0 1 3 2 3 2 2 1 2 1 3 0 2 3 3 3 3 3 3 2 2 3 3 3 3 3 2 0 1 2 3 3 0 3 2 2 2 3 2 3 1 2 1 0 1 3 0 3 0 3 1 3 0 2 1 2 3 0 0 3 3 0 2 0 0 0 3 3 3 3 2 3 1 2 1 0 0 1 3 2 3 1 3 3 1 2 2 3 0 3 3 3 3 0 3 3 1 2 3 3 2 2 1 3 3
0 8 43 31 5 6 1 6 1 100 34 8 8 34 8 0
0 3 3 0 1 0 0 0
3 3 3 0 1 0 0 0 3 0 2 1 0 2 1 1 0 3 3 1 2 2 1 3 2 2 3 0 2 3 0 1 1 1 2 1 3 3 2 1 0 2 0
0 13 50 28 5 6 1 6 1 100 31 13 13 31 13 0
0 0 0 0 3 2 2 3 0 1 3 2 0
3 0 0 0 2 2 2 3 0 1 3 2 0 0 0 2 0 1 2 0 3 0 2 2 0 0 1 2 2 1 2 1 2 3 0 0 0 1 2 3 0 0 3 0 0 3 3 2 2 3
0 8 59 47 5 6 1 6 1 100 50 8 8 50 8 0
2 3 3 3 3 3 0 3
1 3 3 3 3 3 0 3 2 2 1 2 2 2 3 2 1 2 1 2 3 3 2 3 3 2 0 2 1 1 2 3 0 0 1 1 2 3 2 2 1 0 2 0 3 0 2 3 1 1 3 3 1 0 2 3 3 2 2
0 5 73 47 5 6 1 6 1 100 47 0 0 47 5 0
2 1 0 2 3
0 1 0 2 3 1 2 2 0 1 2 2 1 0 1 3 2 1 1 0 2 3 0 3 2 2 1 1 0 3 3 3 1 3 0 3 1 0 1 2 1 2 1 0 2 3 2 1 1 1 2 1 3 0 3 2 1 1 0 0 3 0 2 2 1 1 2 2 3 2 3 0 1
0 6 83 55 5 6 1 6 1 100 56 6 6 56 6 0
0 3 0 3 2 3
3 3 0 3 2 3 0 3 1 2 3 2 1 3 0 0 1 3 0 0 3 3 3 0 3 3 2 2 0 0 3 3 0 3 3 2 3 3 0 1 2 2 1 3 2 1 0 0 3 0 1 0 2 1 1 2 3 0 0 0 0 0 0 0 3 0 2 3 1 3 0 3 3 3 0 2 2 2 2 0 0 1 0
0 15 83 57 5 6 1 6 1 100 67 15 15 67 15 0
2 1 0 3 2 3 2 0 1 2 3 0 2 0 0
1 1 0 3 2 3 2 0 1 2 3 0 2 0 0 2 3 2 3 1 2 1 3 1 0 0 2 3 3 0 0 0 2 3 2 0 1 3 1 0 2 0 2 1 1 1 0 1 1 3 1 3 2 3 1 2 2 0 1 1 2 2 3 0 2 3 0 0 3 2 1 2 2 3 0 0 2 1 0 1 2 3 1
0 8 87 75 5 6 1 6 1 100 78 8 8 78 8 0
2 1 2 3 3 3 3 1
1 1 2 3 3 3 3 1 0 1 2 0 1 1 2 1 2 3 3 3 0 1 3 3 0 0 3 2 1 1 2 1 1 2 0 1 2 1 0 1 1 2 1 1 2 2 0 1 0 1 1 0 2 0 1 1 2 1 1 1 0 1 1 0 0 0 0 3 2 0 2 0 1 2 2 3 3 2 2 3 2 1 1 0 2 3 0
0 8 98 32 5 6 1 6 1 100 35 8 8 35 8 0
0 0 3 1 2 1 0 0
3 0 3 1 2 1 0 0 0 2 1 2 1 3 0 2 1 2 2 3 1 1 0 3 3 0 0 1 0 1 0 1 1 0 0 1 3 1 1 2 0 0 1 0 0 0 2 3 2 3 3 2 2 2 1 2 3 2 2 0 1 2 1 3 0 1 0 2 1 2 0 0 0 2 1 1 0 0 2 2 3 1 3 2 1 0 0 1 3 3 0 3 1 1 1 1 1 2
0 14 99 41 5 6 1 6 1 100 45 14 14 45 14 0
2 0 2 1 1 1 0 3 3 2 1 2 3 2
1 0 1 1 1 1 0 3 3 2 1 2 3 2 3 0 1 3 2 2 3 3 0 1 2 2 2 3 0 3 0 0 1 2 2 2 0 1 2 3 3 3 2 1 2 0 1 2 3 0 3 0 1 1 2 1 3 1 2 0 0 2 3 3 3 0 3 2 3 0 2 1 2 0 2 3 2 2 3 1 2 2 2 1 0 0 2 1 2 0 0 0 3 2 1 2 3 3 3
0 4 103 99 5 6 1 6 1 100 99 0 0 98 4 0
2 1 3 3
1 1 3 3 3 3 0 3 2 0 3 0 2 2 3 3 3 2 2 3 0 1 3 3 1 2 2 1 0 0 1 3 0 0 0 0 0 3 0 1 1 0 2 3 2 0 3 0 3 3 1 1 3 3 1 3 2 3 0 2 3 3 1 2 0 3 0 0 0 1 2 2 1 3 3 3 0 1 1 1 2 0 0 2 3 3 3 0 1 0 0 0 0 2 1 0 3 2 3 0 2 2 3
0 9 105 27 5 6 1 6 1 100 31 9 9 31 9 0
1 0 0 3 2 1 2 3 3
0 0 0 3 2 1 2 3 3 3 0 0 0 1 2 1 0 1 2 2 3 3 3 3 0 0 0 0 2 3 0 0 2 3 0 3 3 3 1 3 3 3 3 3 0 0 1 3 1 3 3 2 0 0 3 2 0 2 3 3 3 0 0 0 2 0 0 0 1 3 1 0 1 0 3 3 3 0 0 0 0 3 1 0 2 3 2 0 3 0 0 0 0 2 0 3 3 0 3 0 1 3 0 1 3
0 3 110 41 5 6 1 6 1 100 41 0 0 39 3 0
1 0 0
0 0 0 1 0 0 0 1 0 0 3 0 0 1 0 2 1 2 1 0 0 0 1 2 3 0 0 3 3 1 2 1 1 3 3 2 1 2 0 1 3 2 3 1 0 2 2 2 3 1 3 3 1 0 3 0 0 0 0 2 2 1 1 2 0 0 0 0 2 0 1 3 0 2 2 0 3 3 2 1 0 0 1 0 2 2 0 1 3 0 0 1 2 2 1 2 2 0 0 1 0 0 0 3 0 0 3 0 0 1
0 2 113 20 5 6 1 6 1 100 20 0 0 17 2 0
0 2
3 2 2 0 1 0 3 2 2 3 1 3 2 0 0 1 0 1 2 3 1 3 3 3 0 2 2 0 2 2 3 1 2 2 0 1 2 2 0 0 2 0 0 2 0 1 3 0 3 0 3 0 3 0 0 3 3 3 0 3 3 1 3 3 0 3 3 1 3 0 1 0 3 1 2 1 1 3 1 0 0 1 0 0 0 0 0 1 0 1 0 0 0 3 2 3 3 3 2 3 3 0 1 1 2 0 2 0 3 2 3 2 0
0 6 114 56 5 6 1 6 1 100 57 6 6 57 6 0
3 2 1 1 3 2
2 2 1 1 3 2 0 1 1 3 3 1 3 3 1 3 0 2 0 1 0 0 0 1 0 2 0 2 0 1 2 1 2 1 0 2 2 1 3 3 0 3 0 0 1 3 3 2 0 1 2 0 1 2 2 1 1 3 3 1 1 2 2 3 1 0 0 0 3 3 3 0 3 2 2 3 2 1 0 2 1 3 0 0 0 0 1 3 1 2 3 0 2 0 1 2 3 0 3 0 0 1 1 2 1 3 3 1 3 3 3 2 2 1
0 1 117 25 5 6 1 6 1 100 25 0 0 21 1 0
2
1 3 3 3 1 3 1 2 3 1 3 0 1 3 3 2 2 1 2 3 0 0 3 0 0 1 3 3 3 2 1 2 1 2 3 1 2 1 3 0 1 1 2 2 0 1 3 2 1 0 0 0 2 3 2 0 3 0 3 3 3 1 2 2 3 0 0 1 3 0 2 3 1 1 0 0 2 1 2 1 2 2 1 3 3 1 1 2 2 3 1 2 3 3 0 0 3 1 0 1 3 3 0 2 3 1 1 2 3 3 0 1 1 1 0 1 1
0 15 119 86 5 6 1 6 1 100 96 15 15 96 15 0
3 0 2 1 3 0 0 1 2 3 3 1 3 0 3
2 0 2 1 3 0 0 1 2 3 3 1 3 0 3 1 0 0 0 1 2 3 0 2 3 0 0 2 0 3 3 3 0 2 0 3 3 1 0 0 0 1 0 3 0 0 2 3 0 0 3 0 0 2 3 1 0 0 0 0 0 2 0 0 0 1 3 0 3 3 2 3 0 0 3 0 2 0 1 1 0 0 1 3 0 0 2 0 0 2 3 3 3 3 0 0 0 2 0 0 0 3 0 0 3 1 3 0 0 2 2 0 0 3 0 2 3 0 0
0 2 127 88 5 6 1 6 1 100 88 0 0 85 2 0
1 2
0 2 1 0 3 0 1 1 2 3 3 1 0 0 0 2 3 0 0 0 1 1 2 0 1 3 0 3 0 3 3 2 2 0 3 3 3 1 3 3 0 2 3 3 1 3 2 1 3 0 2 2 1 1 0 3 2 1 2 1 0 1 3 0 0 0 0 2 0 0 0 0 2 3 2 3 0 0 3 3 0 2 0 1 1 0 2 3 3 0 3 3 2 2 0 0 1 3 3 0 3 3 0 0 1 3 1 1 1 3 0 1 3 2 2 0 2 3 0 0 0 3 3 0 2 0 2
1 7 9 128 5 6 1 6 1 100 128 0 0 125 7 0
1 0 2 0 0 0 2
0 3 2 0 0 0 2 0 0
1 14 23 126 5 6 1 6 1 100 130 14 14 130 14 0
1 2 1 3 1 0 2 1 2 0 3 2 1 2
0 2 1 2 1 0 2 1 2 0 3 2 1 2 3 3 2 0 2 1 3 0 0
1 10 36 125 5 6 1 6 1 100 135 10 10 135 10 0
1 2 3 3 3 3 1 3 2 0
1 2 3 3 3 3 1 3 2 0 0 0 3 3 1 1 2 1 2 0 0 2 2 2 2 1 3 3 3 3 0 1 1 2 0 1
1 13 86 127 5 6 1 6 1 100 135 13 13 135 13 0
0 2 0 0 0 3 0 1 1 0 1 1 1
3 2 0 0 0 3 0 1 1 0 1 1 1 3 3 3 0 0 3 2 3 3 3 2 0 3 2 3 3 1 3 0 0 1 2 3 3 2 0 1 1 1 2 3 0 0 3 1 1 2 2 2 3 3 2 1 2 2 0 1 0 2 3 2 3 1 3 2 2 3 2 2 2 3 0 2 3 3 3 2 0 1 3 2 2 2
1 13 86 127 5 6 1 6 1 100 135 13 13 135 13 0
0 2 0 0 0 3 0 1 1 0 1 1 1
3 2 0 0 0 3 0 1 1 0 1 1 1 3 3 3 0 0 3 2 3 3 3 2 0 3 2 3 3 1 3 0 0 1 2 3 3 2 0 1 1 1 2 3 0 0 3 1 1 2 2 2 3 3 2 1 2 2 0 1 0 2 3 2 3 1 3 2 2 3 2 2 2 3 0 2 3 3 3 2 0 1 3 2 2 2
1 13 92 117 5 6 1 6 1 100 125 13 13 125 13 0
2 3 2 0 0 3 2 3 1 2 2 1 0
1 3 2 0 0 3 2 3 1 2 2 1 0 0 1 3 0 1 0 3 3 2 3 1 2 2 3 2 1 2 0 3 0 3 3 3 2 2 3 2 0 3 2 0 3 2 0 2 2 3 2 1 2 2 2 3 2 0 0 1 3 2 1 2 1 2 2 1 2 2 1 2 0 0 3 1 3 2 0 0 3 0 3 3 2 1 1 0 0 1 2 2
1 1 126 134 5 6 1 6 1 100 134 0 0 130 1 0
2
1 0 3 1 0 1 1 3 3 3 2 2 1 0 0 3 2 2 0 2 3 1 1 0 3 1 0 2 1 3 3 3 3 3 2 3 2 3 3 1 3 3 3 2 2 3 2 1 2 1 3 3 1 3 2 1 3 2 3 2 2 0 1 2 1 0 2 2 0 3 1 0 3 2 0 0 0 3 0 2 0 0 0 0 3 1 0 2 0 1 1 2 0 0 3 0 1 1 0 1 1 0 2 1 0 3 1 0 0 0 0 3 1 0 0 0 2 0 1 0 3 1 2 2 2 1
1 2 127 128 5 6 1 6 1 100 128 0 0 125 2 0
3 2
2 2 0 3 0 0 0 3 1 2 2 2 3 2 0 0 3 3 0 3 1 2 1 0 0 2 2 3 1 2 2 2 1 1 3 0 1 2 2 0 2 3 0 3 1 0 3 3 2 1 1 1 3 2 2 0 0 3 0 0 3 0 2 3 1 3 0 3 3 2 0 3 3 0 3 3 2 2 1 2 2 3 2 0 0 0 1 3 2 1 0 2 2 1 2 2 1 0 0 0 2 1 2 2 3 2 0 1 2 2 0 3 3 1 0 2 3 3 3 3 2 0 3 1 0 1 3
1 2 127 143 5 6 1 6 1 100 143 0 0 140 2 0
1 0
0 0 0 2 3 3 2 1 3 2 1 0 3 3 3 2 0 0 2 2 0 1 2 0 2 0 1 0 3 3 2 1 2 0 1 0 3 3 3 2 0 3 1 3 3 2 1 1 2 3 0 0 3 2 1 2 0 0 1 3 1 3 1 1 1 0 0 2 2 1 3 3 0 0 0 2 2 0 0 3 3 3 1 0 2 1 3 0 0 1 1 3 0 1 2 1 0 0 0 1 0 0 1 3 3 0 3 3 0 0 3 0 2 1 0 0 3 2 0 3 2 0 0 1 0 0 0
1 3 128 132 5 6 1 6 1 100 132 0 0 130 3 0
2 3 1
1 3 1 1 2 2 2 3 0 3 0 3 2 2 1 2 1 2 3 2 1 2 2 1 2 3 3 3 2 3 2 0 3 2 2 0 1 1 2 3 1 3 2 0 3 2 1 0 2 2 1 2 1 3 2 2 2 1 3 3 2 1 1 2 2 2 2 0 0 0 3 1 1 3 3 3 2 3 2 1 1 2 1 3 2 0 3 1 2 3 1 2 2 3 3 3 1 2 2 3 3 2 3 0 0 1 2 3 0 1 1 2 3 1 2 2 3 0 0 3 2 2 2 3 2 1 0 1
1 3 128 147 5 6 1 6 1 100 147 0 0 145 3 0
2 0 1
1 0 1 2 0 3 0 0 0 2 0 1 2 0 3 1 0 2 2 1 2 0 0 2 0 0 2 2 3 2 1 0 2 2 0 2 1 0 3 1 3 2 0 0 1 0 0 0 0 1 1 2 2 3 0 3 0 1 1 2 2 0 3 2 1 1 2 0 3 0 0 0 2 3 2 0 0 3 0 3 3 1 0 0 0 3 3 2 1 1 2 0 1 2 2 1 0 0 0 2 1 2 0 1 2 2 3 1 0 1 3 2 2 3 2 0 1 2 2 1 1 3 2 0 2 3 1 0
1 4 129 146 5 6 1 6 1 100 146 0 0 145 4 0
3 2 1 2
2 2 1 2 2 1 0 0 0 2 3 1 0 2 0 0 0 2 1 3 3 0 3 3 2 0 2 1 0 3 1 1 1 1 2 2 1 0 3 0 3 1 2 1 2 2 0 3 3 0 0 2 3 0 2 0 3 2 1 1 1 3 2 3 3 2 1 1 0 2 2 1 2 0 3 0 2 2 1 0 2 3 0 1 1 0 1 2 0 0 1 2 1 1 0 3 1 0 2 3 0 2 1 0 0 3 0 3 0 1 1 2 0 1 2 0 0 0 0 1 1 0 1 1 0 0 3 0 1
1 4 129 146 5 6 1 6 1 100 146 0 0 145 4 0
3 1 2 1
2 1 2 1 0 3 3 1 3 2 2 1 2 1 0 3 2 0 3 1 1 2 2 3 0 0 0 1 0 1 2 3 3 3 2 2 1 0 3 3 2 0 3 1 2 1 0 2 2 1 0 3 0 1 1 0 3 1 0 0 2 3 3 1 3 2 1 1 3 2 3 1 3 2 1 2 0 0 2 1 0 2 1 2 1 1 1 0 3 0 1 1 1 2 0 1 2 0 3 0 0 1 1 0 3 0 1 2 3 3 2 2 1 0 2 1 3 1 3 1 1 2 0 3 0 0 1 0 3
1 5 130 135 5 6 1 6 1 100 135 0 0 135 5 0
2 1 3 2 1
1 1 3 2 1 3 2 1 2 3 2 0 0 0 3 1 0 1 3 1 1 2 3 3 1 0 2 1 1 3 2 2 2 3 2 1 2 3 3 2 0 3 3 2 1 2 1 3 2 3 0 3 2 0 2 1 0 1 0 0 0 0 3 1 3 3 3 0 1 3 1 0 2 2 2 1 2 3 2 0 3 1 1 3 2 0 0 1 0 3 1 3 3 1 0 1 1 3 3 1 2 0 1 1 0 2 3 2 2 2 2 1 2 3 2 2 0 0 1 3 2 2 2 3 0 0 0 1 0 2
1 7 132 113 5 6 1 6 1 100 113 0 0 110 7 0
2 0 3 2 2 2 0
1 0 3 1 2 2 0 2 3 3 0 1 3 1 3 3 0 0 0 2 0 3 1 2 3 1 0 0 1 2 3 0 0 1 1 2 0 2 0 1 3 2 1 2 1 0 2 3 2 1 2 1 2 3 3 1 2 3 1 2 3 1 2 2 1 1 1 0 0 1 1 2 2 0 3 3 3 1 0 1 3 3 3 3 0 1 1 1 0 1 0 2 3 3 1 0 0 2 2 3 2 0 0 1 0 2 2 1 2 1 3 3 1 2 0 0 1 0 3 3 3 1 1 3 2 1 0 3 2 3 1 3
1 7 132 138 5 6 1 6 1 100 140 7 7 140 7 0
2 0 3 1 0 1 2
1 0 3 1 0 1 2 2 3 3 3 3 2 0 0 2 1 1 3 2 2 2 0 2 0 0 1 2 1 1 3 3 3 3 3 1 0 3 3 3 1 3 1 1 1 1 0 2 0 3 0 2 2 1 0 0 3 2 2 3 1 0 2 0 3 0 0 3 0 1 2 1 2 2 3 0 2 2 0 3 3 3 3 3 1 0 2 3 2 3 1 0 2 3 3 2 2 3 3 2 1 1 1 3 2 1 3 2 2 1 3 2 0 1 1 3 2 3 0 0 1 3 2 1 0 2 3 3 1 2 0 1
1 9 134 121 5 6 1 6 1 100 125 9 9 125 9 0
2 1 2 2 3 3 2 3 1
1 1 2 2 3 3 2 3 1 1 0 1 3 3 3 1 2 0 1 1 0 2 0 0 3 3 2 1 3 3 3 1 0 1 2 2 3 0 1 1 2 2 0 3 3 3 2 3 1 1 2 1 3 3 1 2 0 3 1 3 2 2 3 3 1 0 3 1 0 3 3 3 3 1 0 3 2 2 1 3 3 1 0 0 1 2 0 3 2 1 0 1 0 2 2 2 3 0 3 1 2 1 1 1 0 1 2 3 3 2 0 1 3 3 3 1 3 2 0 1 1 1 0 1 3 3 1 2 0 3 2 0 0 1
1 9 134 136 5 6 1 6 1 100 140 9 9 140 9 0
0 3 1 1 0 2 2 3 2
3 3 1 1 0 2 2 3 2 3 0 2 3 1 0 1 1 1 2 1 2 1 1 2 0 1 0 0 1 1 0 2 1 2 3 0 3 1 2 0 1 2 1 3 2 0 3 0 3 0 3 1 1 1 3 1 1 2 1 2 0 2 1 2 3 1 2 1 0 2 1 0 2 2 0 0 3 0 3 1 1 2 3 0 3 1 2 0 0 0 0 3 2 0 3 2 2 3 0 1 1 3 1 1 0 3 3 1 0 3 2 2 1 1 0 2 3 1 1 0 1 1 0 0 3 2 2 0 3 3 2 1 3 1
1 10 135 130 5 6 1 6 1 100 135 10 10 135 10 0
3 1 2 1 2 2 1 0 1 2
2 1 2 1 2 2 1 0 1 2 1 1 3 3 1 3 3 1 0 0 3 0 2 0 2 2 1 2 2 3 0 1 0 1 0 0 1 0 1 3 3 3 2 2 3 0 3 1 2 1 1 0 0 0 3 3 1 2 0 1 1 0 2 1 0 1 1 2 0 2 1 1 3 3 1 3 2 1 0 3 2 3 3 3 3 2 3 0 3 0 2 3 3 0 1 2 0 2 3 1 0 2 2 2 3 0 0 1 2 2 2 0 1 2 1 0 1 1 3 2 0 3 3 0 3 3 2 1 3 0 1 2 2 1 1
1 10 135 135 5 6 1 6 1 100 140 10 10 140 10 0
1 3 3 3 3 1 0 2 3 3
0 3 3 3 3 1 0 2 3 3 3 1 0 2 3 2 3 3 3 3 3 2 1 1 0 3 3 3 1 2 0 3 2 0 3 0 3 2 1 2 2 1 2 3 2 0 1 0 3 3 3 3 3 0 3 0 3 3 1 1 0 2 1 2 1 0 3 1 0 0 1 2 0 0 0 2 0 3 3 3 0 3 1 2 0 3 1 3 3 1 0 2 0 0 3 2 3 1 2 0 1 0 3 1 1 0 2 0 3 1 1 3 2 3 0 0 0 3 0 0 1 3 3 0 0 0 1 3 3 2 0 0 3 0 1
1 11 136 134 5 6 1 6 1 100 140 11 11 140 11 0
3 1 0 3 1 0 0 0 3 3 1
2 1 0 3 1 0 0 0 3 3 1 3 1 3 2 2 1 0 0 1 3 0 1 2 2 1 0 0 1 0 3 2 0 1 1 2 0 0 2 3 1 3 1 1 3 0 3 1 0 2 2 3 3 2 1 2 0 0 0 1 2 3 2 1 1 2 1 2 0 0 2 0 0 0 2 2 3 2 1 3 0 0 2 3 0 3 3 0 1 1 0 1 0 3 1 0 1 1 1 2 1 1 0 2 3 2 2 1 0 2 2 0 0 1 2 3 2 2 3 0 0 3 0 0 1 1 3 2 0 1 1 2 3 1 0 2
1 12 137 128 5 6 1 6 1 100 135 12 12 135 12 0
0 0 2 3 3 0 0 0 3 1 0 3
3 0 2 3 3 0 0 0 3 1 0 3 3 0 3 1 1 1 2 0 1 2 1 0 3 3 3 3 0 3 2 2 2 1 1 2 2 0 2 1 0 3 1 3 0 3 3 1 3 3 1 1 2 2 3 2 3 3 0 0 2 1 3 2 3 2 2 3 2 3 3 1 3 1 1 3 2 3 3 0 0 3 2 2 1 0 3 3 0 0 3 2 0 2 1 3 0 3 1 0 1 0 0 1 2 3 1 2 3 1 1 3 1 0 3 3 2 3 2 0 3 3 2 1 2 2 2 3 0 3 3 3 3 2 1 3 2
1 13 138 122 5 6 1 6 1 100 130 13 13 130 13 0
0 2 2 1 0 2 3 3 1 1 1 3 0
3 2 2 1 0 2 3 3 1 1 1 3 0 1 3 1 3 1 2 1 0 3 2 2 2 2 0 2 0 1 1 1 1 0 1 0 1 3 0 1 1 0 3 1 2 2 1 2 1 3 0 1 2 2 1 2 3 3 3 1 0 1 3 3 1 3 2 0 2 3 3 1 2 2 1 0 3 2 2 2 2 3 1 0 2 2 3 2 2 2 0 1 1 0 1 1 2 1 2 1 3 0 1 3 2 1 1 2 1 1 0 2 2 1 0 0 0 3 3 1 3 2 3 3 3 3 0 3 1 0 2 0 1 1 2 1 3 3
1 13 138 132 5 6 1 6 1 100 140 13 13 140 13 0
3 1 2 2 1 0 2 2 3 0 2 0 2
2 1 2 2 1 0 2 2 3 0 2 0 2 1 2 0 0 2 2 1 0 0 1 0 1 1 0 2 1 3 2 3 0 1 2 2 1 3 3 1 0 3 1 1 1 0 1 2 2 2 3 3 0 3 1 2 2 3 0 1 1 2 3 2 0 1 1 2 3 0 1 1 0 2 0 3 0 3 3 3 2 1 1 2 1 2 1 3 2 0 0 2 1 2 2 1 3 1 0 1 1 2 0 1 1 0 2 1 2 1 0 0 1 0 3 2 3 1 1 3 2 0 0 3 2 2 3 3 3 2 1 0 2 1 3 1 0 3
1 14 139 126 5 6 1 6 1 100 135 14 14 135 14 0
0 2 1 2 1 0 0 2 0 0 2 2 0 1
3 2 1 2 1 0 0 2 0 0 2 2 0 1 3 2 2 2 1 0 3 3 2 0 2 2 1 1 1 0 2 2 1 2 1 2 2 1 0 2 2 1 0 1 2 3 3 0 3 1 0 2 2 1 0 3 3 3 2 1 1 1 2 1 0 1 1 3 3 2 3 3 2 1 1 1 2 2 3 2 0 0 2 3 2 1 3 2 2 3 1 0 1 1 2 1 2 1 0 0 1 0 3 1 3 1 2 0 1 2 0 3 1 0 0 3 2 3 2 0 0 0 1 1 3 3 3 1 3 2 1 3 2 2 1 2 1 3 0
1 15 140 130 5 6 1 6 1 100 140 15 15 140 15 0
3 0 3 2 0 3 3 1 1 3 1 0 1 0 0
2 0 3 2 0 3 3 1 1 3 1 0 1 0 0 3 1 0 2 1 2 1 0 1 3 3 1 1 1 2 3 3 0 1 0 2 2 3 1 0 2 0 2 1 0 3 3 2 0 1 0 2 3 0 0 0 3 2 2 1 2 2 0 2 1 1 0 1 3 1 0 2 2 2 0 0 1 1 0 3 3 1 0 2 2 1 0 2 3 2 0 3 3 0 2 1 0 3 1 0 1 1 3 0 3 0 1 1 3 0 1 0 2 1 3 2 0 0 1 1 1 2 0 0 2 0 2 0 3 2 0 3 3 2 3 0 0 3 2 0
1 16 141 129 5 6 1 6 1 100 140 16 16 140 16 0
0 0 3 3 3 2 1 3 0 0 3 1 3 0 1 3
3 0 3 3 3 2 1 3 0 0 3 1 3 0 1 3 1 2 1 1 2 1 0 3 3 3 3 3 0 0 3 3 2 0 1 2 0 1 0 3 0 0 3 1 1 0 2 1 1 0 3 1 2 1 3 2 2 0 3 3 3 1 1 1 1 1 1 1 0 2 0 0 2 3 2 1 1 2 2 0 3 1 1 2 0 0 0 0 2 0 0 2 0 0 1 3 0 0 1 3 1 2 3 3 2 3 2 2 0 2 0 0 3 0 0 1 0 0 0 0 0 3 2 2 3 1 0 3 1 3 2 2 0 2 1 3 3 0 1 0 2
1 6 7 68 5 6 1 6 1 100 69 6 6 69 6 0
1 3 2 1 2 2
0 3 2 1 2 2 1
1 8 100 117 5 6 1 6 1 100 117 0 0 115 8 0
3 1 1 0 0 1 1 2
2 1 1 0 3 1 1 2 2 1 2 2 2 2 0 0 3 1 0 2 3 3 3 2 3 2 2 0 0 3 0 1 3 3 3 2 2 3 2 0 2 2 1 2 1 3 2 3 3 1 1 2 3 2 1 1 2 0 1 3 3 2 3 2 1 0 0 1 2 1 1 2 0 1 2 3 0 2 1 2 0 3 2 2 2 1 2 0 3 1 3 2 1 3 2 0 3 3 1 0
0 8 11 142 5 6 1 6 1 100 145 8 8 145 8 0
1 3 2 0 2 1 3 0
0 3 2 0 2 1 3 0 3 3 0
0 15 25 135 5 6 1 6 1 100 145 15 15 145 15 0
3 3 1 2 1 2 3 0 3 3 3 0 0 3 0
2 3 1 2 1 2 3 0 3 3 3 0 0 3 0 2 2 2 0 1 0 1 3 2 0
0 16 27 134 5 6 1 6 1 100 140 16 16 140 16 0
3 2 3 2 1 0 0 2 3 1 2 1 3 3 0 1
2 2 3 2 0 0 0 2 3 1 2 1 3 3 0 1 3 3 3 1 3 3 1 2 0 0 0
0 8 129 66 5 6 1 6 1 100 68 7 7 64 8 0
0 1 3 0 3 1 2 0
3 1 3 0 3 1 2 3 1 2 0 1 2 1 2 2 1 2 2 1 3 2 2 1 1 1 2 2 1 3 1 2 2 2 2 0 2 3 2 0 1 3 2 3 2 2 1 2 1 3 3 0 2 3 3 0 2 2 0 3 2 2 3 0 2 1 0 1 2 0 2 2 3 2 3 1 1 3 2 1 3 0 2 1 2 0 3 0 2 3 1 2 2 2 0 3 0 1 3 1 2 1 0 0 1 2 0 0 0 0 0 1 0 2 1 0 1 0 2 3 0 1 2 0 2 1 2 0 1
0 15 135 50 5 6 1 6 1 100 57 12 12 55 15 0
1 3 3 2 2 2 2 3 1 2 0 1 0 0 3
0 3 3 2 2 2 2 3 1 2 0 1 3 0 3 1 2 2 0 0 1 2 0 1 3 0 0 3 3 1 2 1 2 3 1 0 3 3 0 0 3 3 0 1 2 2 1 2 3 1 1 2 1 0 3 2 1 1 1 0 2 1 3 2 3 1 3 3 0 1 2 2 1 0 2 2 3 0 3 0 3 1 2 0 2 1 1 2 1 3 1 3 0 1 2 2 3 0 3 1 3 3 2 3 1 1 2 2 3 3 3 1 3 0 1 2 2 1 0 0 1 0 2 0 1 0 3 1 0 1 0 0 1 2 2
0 14 138 61 5 6 1 6 1 100 70 14 14 70 14 0
3 2 1 3 3 3 2 3 0 2 1 2 1 3
2 2 1 3 3 3 2 3 0 2 1 2 1 3 0 0 2 0 2 3 0 3 3 0 1 0 0 2 3 3 0 1 1 1 3 0 3 3 2 1 2 1 3 2 3 1 0 3 2 1 1 2 1 0 0 1 2 2 1 0 1 3 0 1 2 2 2 0 0 2 2 1 1 1 0 3 0 3 2 1 1 2 3 0 0 1 2 1 3 2 2 1 0 3 1 1 2 3 3 3 3 0 2 1 2 0 2 2 3 2 3 0 3 1 0 1 0 2 1 1 2 1 3 1 3 3 3 2 0 2 1 0 3 1 0 1 2 1
0 16 140 72 5 6 1 6 1 100 78 11 11 78 16 0
2 3 0 2 0 2 3 0 0 1 3 0 2 2 1 0
1 3 0 2 0 2 3 0 0 1 3 3 2 2 1 0 0 2 0 0 2 1 3 2 1 3 0 3 2 2 2 3 3 3 0 2 0 0 0 3 0 2 0 3 0 2 2 1 1 1 2 0 0 2 2 3 1 0 3 2 3 3 3 1 0 1 1 0 2 1 3 0 1 2 1 2 0 1 1 0 1 3 2 1 3 3 2 0 0 2 2 3 2 0 0 1 2 2 3 1 3 1 0 2 1 3 2 1 2 0 1 3 0 0 3 0 1 2 0 1 1 0 0 0 2 1 1 2 2 0 0 0 1 2 2 1 1 0 0 3
0 1 2 79 5 6 1 6 1 100 79 0 0 75 1 0
3
2 2
0 2 24 24 5 6 1 6 1 100 24 0 0 21 2 0
2 2
1 2 0 1 0 3 0 2 0 2 0 0 2 0 0 0 2 1 2 3 1 3 1 0
0 3 39 37 5 6 1 6 1 100 37 0 0 35 3 0
3 1 2
2 1 2 2 1 3 0 2 0 1 2 1 3 3 3 1 3 0 0 1 3 0 1 1 0 3 0 0 2 2 3 1 2 3 2 0 1 2 0
0 5 63 33 5 6 1 6 1 100 33 0 0 33 5 0
0 3 0 1 2
3 3 0 1 2 1 1 0 0 0 3 2 2 1 0 2 3 2 1 2 3 0 1 3 2 2 1 2 2 3 2 0 1 3 3 2 3 1 0 0 0 1 2 0 1 0 3 2 2 1 0 3 3 0 2 3 3 3 3 2 2 3 3
0 8 66 54 5 6 1 6 1 100 57 8 8 57 8 0
1 3 3 0 2 3 1 2
0 3 3 0 2 3 1 2 0 1 3 0 1 2 1 1 0 3 0 0 1 2 0 1 3 0 3 3 0 0 2 2 2 2 1 1 3 2 0 1 3 3 0 1 2 1 0 0 2 3 3 3 0 0 1 0 0 0 1 1 1 3 3 1 3 0
0 5 74 27 5 6 1 6 1 100 27 0 0 27 5 0
1 2 3 0 1
0 2 3 0 1 2 3 1 2 3 2 1 0 2 2 3 2 3 2 3 1 0 1 3 3 1 2 0 3 0 0 2 1 2 1 3 2 1 2 0 2 3 3 2 1 3 3 3 3 3 3 3 2 2 0 3 3 3 1 0 0 2 2 1 1 0 3 2 3 0 1 2 0 1
0 7 78 67 5 6 1 6 1 100 69 7 7 69 7 0
1 1 0 1 1 2 3
0 1 0 1 1 2 3 2 0 1 1 2 1 2 3 3 2 1 2 0 0 2 2 2 1 2 3 1 1 2 1 2 1 0 3 0 0 3 2 1 2 0 2 1 3 0 2 2 0 3 3 2 1 1 0 1 2 2 0 1 1 0 2 1 2 0 1 3 3 2 1 3 3 1 2 1 3 0
0 13 79 57 5 6 1 6 1 100 65 13 13 65 13 0
2 0 2 1 2 2 2 1 2 3 0 1 1
1 0 2 1 2 2 2 1 2 3 0 1 1 0 1 1 3 2 0 1 0 0 0 0 3 0 2 0 2 1 0 0 1 2 3 3 3 0 0 1 2 2 1 1 0 1 1 2 1 1 2 1 3 0 1 3 0 2 0 1 2 3 1 1 1 2 3 0 0 3 3 3 3 3 3 1 1 1 2
0 14 86 36 5 6 1 6 1 100 40 14 14 40 14 0
3 1 2 2 2 2 2 3 0 3 1 1 2 2
2 1 2 2 1 2 2 3 0 3 1 1 2 2 1 2 2 3 1 3 2 1 3 3 0 2 1 2 3 0 1 3 0 1 1 2 2 2 3 0 0 1 1 1 0 0 3 0 2 2 3 1 0 2 2 3 1 2 2 1 1 2 3 2 0 3 2 2 1 2 3 1 1 2 3 3 2 0 2 3 3 0 0 2 2 2
0 5 94 38 5 6 1 6 1 100 38 0 0 38 5 0
1 0 2 3 1
0 0 2 3 1 1 2 1 1 1 0 1 3 1 3 3 1 3 2 1 2 1 2 1 1 2 0 0 0 3 1 2 1 1 2 1 2 3 1 1 2 0 0 2 3 2 1 2 1 1 3 3 2 1 2 2 1 1 0 3 0 2 1 3 1 2 3 1 2 1 1 2 0 1 2 3 0 2 3 2 2 3 2 0 0 2 2 3 1 0 1 2 0 1
0 3 98 61 5 6 1 6 1 100 61 0 0 54 3 0
0 2 2
3 2 1 0 3 3 3 1 0 3 2 2 1 1 0 3 3 0 1 3 0 0 2 3 2 2 1 2 1 2 3 3 0 0 2 0 1 1 1 1 0 2 1 3 0 1 1 3 3 2 1 0 0 0 2 3 0 2 1 1 0 3 0 2 2 0 1 3 2 2 1 3 3 1 3 1 0 0 2 1 2 0 1 1 0 0 0 2 0 0 2 2 2 1 3 2 2 0
0 5 100 45 5 6 1 6 1 100 45 0 0 45 5 0
2 2 0 3 2
1 2 0 3 2 2 1 2 2 2 3 1 0 0 1 2 3 3 2 1 2 0 3 2 2 1 1 3 0 1 0 0 2 0 0 2 0 0 2 3 2 0 1 0 3 2 1 2 2 3 1 3 0 3 3 0 2 3 2 2 0 0 0 3 2 2 1 0 1 3 3 0 3 3 0 2 1 2 2 2 2 0 1 0 1 1 0 2 3 2 2 3 0 0 0 2 1 1 0 3
0 12 103 26 5 6 1 6 1 100 33 12 12 33 12 0
3 1 2 2 1 2 3 0 2 2 1 1
2 1 2 2 1 2 3 0 2 2 1 1 2 3 0 3 3 3 2 0 3 3 1 2 1 2 3 2 0 0 0 1 0 2 3 3 2 3 1 0 2 0 3 1 2 2 2 1 3 0 1 1 2 3 0 2 3 2 2 3 0 2 1 1 1 2 2 0 2 0 0 0 0 0 3 0 0 0 3 2 0 2 0 2 2 0 1 2 1 1 2 1 3 2 3 3 3 0 1 0 0 1 2
0 2 104 104 5 6 1 6 1 100 104 0 0 101 2 0
0 0
3 0 1 3 3 0 2 3 3 2 3 1 1 2 2 3 3 1 2 1 1 3 1 2 3 2 2 3 3 2 3 1 2 1 3 1 1 1 2 3 2 2 1 0 3 3 3 0 2 1 2 2 3 0 0 2 2 1 0 0 2 2 3 0 1 3 2 3 0 2 3 2 0 0 0 1 2 2 3 1 3 1 0 1 0 0 0 0 1 1 2 2 2 0 3 2 1 3 0 1 2 2 0 3
0 11 106 25 5 6 1 6 1 100 31 11 11 31 11 0
3 1 2 1 3 2 1 3 2 3 1
2 1 2 1 3 2 1 3 2 3 1 0 0 0 1 2 1 2 1 3 1 2 1 0 2 3 1 1 3 0 2 3 3 2 3 1 3 3 0 1 0 3 3 2 1 1 2 1 1 3 0 1 1 0 3 2 2 1 3 2 1 1 0 3 2 1 2 2 3 2 0 0 0 0 1 2 0 2 1 2 0 2 0 2 2 0 1 2 0 2 0 0 2 0 0 0 1 1 0 2 3 3 3 2 1 3
0 12 107 30 5 6 1 6 1 100 37 12 12 37 12 0
0 1 2 2 3 0 0 2 3 0 2 3
3 1 2 2 3 0 0 2 3 0 2 3 0 3 3 1 2 3 0 0 3 0 3 3 3 3 2 0 1 0 3 1 3 3 3 2 3 0 3 0 0 3 0 1 2 0 1 2 0 3 0 0 3 3 0 1 2 3 3 0 2 3 1 2 2 3 3 3 1 2 2 0 1 3 1 0 0 0 0 3 1 0 1 2 0 1 3 0 1 3 3 3 0 3 3 3 1 3 2 1 0 3 0 0 0 3 0
0 4 110 33 5 6 1 6 1 100 33 0 0 32 4 0
0 3 1 3
3 3 1 3 0 0 0 0 2 3 2 2 1 2 0 0 2 3 2 2 3 2 0 1 1 3 1 2 2 1 1 3 3 1 1 0 3 2 1 2 2 3 3 2 3 1 2 2 1 2 1 3 2 0 0 2 2 0 1 0 3 2 1 2 2 3 1 1 3 0 1 2 0 1 2 3 0 1 3 2 1 3 2 3 0 2 0 0 2 3 3 0 2 0 2 1 0 0 1 1 1 3 0 3 1 3 2 1 0 0
0 5 110 87 5 6 1 6 1 100 87 0 0 87 5 0
2 2 3 1 0
1 2 3 1 0 1 2 1 3 2 1 2 0 1 1 3 1 3 3 0 1 0 2 3 1 2 0 3 3 1 2 3 2 3 3 0 2 0 2 2 3 1 2 0 2 1 2 1 2 3 1 0 0 2 3 2 1 2 2 3 1 3 3 1 2 1 0 0 2 1 1 2 3 3 2 1 1 1 3 0 0 2 3 0 1 2 1 1 1 0 3 0 0 2 3 0 2 2 1 1 0 3 0 1 2 3 0 3 1 1
0 13 111 59 5 6 1 6 1 100 62 13 13 62 13 0
1 3 0 2 0 1 2 1 2 0 1 1 0
0 3 0 2 3 1 2 1 2 0 1 1 0 0 0 2 3 0 3 0 1 2 3 0 2 0 1 3 3 0 2 0 1 2 0 0 0 2 1 1 3 0 0 3 0 0 0 0 0 2 2 1 3 0 1 2 1 3 0 3 3 3 1 2 3 2 1 0 0 1 2 2 3 3 3 0 0 0 0 0 0 1 0 0 0 2 3 0 2 1 3 2 1 0 1 2 0 2 3 1 3 0 3 2 0 1 3 0 0 0 0
0 6 115 36 5 6 1 6 1 100 37 6 6 37 6 0
1 3 2 1 0 2
0 3 2 1 0 2 0 2 1 0 3 1 1 2 2 0 1 3 0 3 3 1 2 1 2 3 1 2 1 2 3 0 2 3 1 1 2 1 0 3 3 3 1 2 3 0 2 0 0 3 2 0 0 3 1 0 3 1 2 0 1 2 0 1 1 2 1 2 0 2 0 0 3 2 2 1 0 2 1 2 2 1 0 1 3 2 2 2 3 1 2 1 2 0 0 0 2 3 1 2 3 1 1 2 0 0 1 2 2 3 1 2 3 1 1
0 8 116 37 5 6 1 6 1 100 37 0 0 35 8 0
1 3 2 0 1 0 0 3
0 3 2 3 1 0 0 3 2 3 1 3 0 0 0 3 2 0 0 0 2 0 0 0 1 2 3 3 0 0 1 3 0 3 0 2 3 2 3 0 1 1 3 1 0 1 1 1 2 3 3 0 1 3 3 2 1 3 3 2 3 0 2 3 0 2 3 3 2 2 0 0 0 0 1 3 3 1 3 1 3 0 3 3 3 3 2 0 1 3 0 0 3 3 0 1 2 3 3 3 2 1 1 3 1 2 3 1 3 3 2 3 3 0 1 1
0 8 117 33 5 6 1 6 1 100 36 8 8 36 8 0
3 1 2 3 3 3 1 3
2 1 2 3 3 3 1 3 3 1 1 0 1 0 2 3 3 2 1 0 2 2 1 2 3 1 3 1 2 3 2 3 1 1 3 1 3 1 2 1 0 1 3 2 1 3 2 2 1 3 3 1 3 1 0 0 0 0 2 3 0 2 3 2 2 1 0 1 3 1 0 1 2 2 3 1 2 2 3 1 3 3 0 2 3 3 3 2 2 3 2 0 0 0 2 1 2 1 1 2 0 1 1 2 0 1 2 3 1 1 1 1 2 3 1 1 3
0 12 119 33 5 6 1 6 1 100 40 12 12 40 12 0
3 2 0 3 2 1 1 2 3 1 2 2
2 2 0 3 2 1 1 2 3 1 2 2 3 1 3 2 1 0 0 1 3 2 1 1 1 2 3 3 3 1 0 1 2 3 0 3 2 1 2 1 2 2 3 2 1 2 1 2 1 2 2 3 1 0 0 0 2 0 1 3 1 2 1 3 0 3 1 0 0 0 0 3 0 2 2 1 0 1 2 2 1 0 1 0 0 2 3 0 2 2 1 2 2 3 0 3 2 1 1 2 1 2 3 1 2 1 3 3 3 2 0 1 3 2 1 1 2 1 3
0 6 121 45 5 6 1 6 1 100 45 0 0 43 8 0
1 1 0 1 2 2
3 3 1 1 0 1 2 2 1 1 3 0 1 3 0 1 0 1 3 3 0 2 3 0 2 2 1 1 2 3 2 0 1 1 3 0 0 3 0 0 3 2 0 1 1 2 1 3 0 0 1 0 2 3 0 0 2 1 2 2 0 1 3 2 1 2 3 3 0 3 3 2 3 2 1 2 1 1 2 0 0 0 2 3 2 0 2 0 1 3 3 3 3 2 1 2 0 1 0 1 2 1 0 3 3 0 2 1 2 2 1 3 3 2 2 3 1 0 1 2 0
0 3 126 51 5 6 1 6 1 100 51 0 0 49 3 0
2 0 0
1 0 0 2 2 1 3 2 1 3 2 2 0 1 3 0 0 2 0 0 0 0 1 2 3 1 2 1 1 2 1 2 3 0 1 2 3 3 0 0 2 3 2 0 1 2 0 1 0 0 2 3 1 2 3 2 3 0 3 1 2 0 1 1 2 0 0 0 2 3 1 3 0 2 0 0 0 2 3 0 1 2 1 3 2 2 3 2 1 2 1 1 3 3 0 1 1 0 2 3 1 1 0 3 2 3 2 1 0 2 0 0 0 3 0 2 3 3 2 2 2 2 0 3 3 2
1 5 6 130 5 6 1 6 1 100 130 0 0 130 5 0
1 2 2 0 0
0 2 2 0 0 3
1 7 72 142 5 6 1 6 1 100 144 7 7 144 7 0
0 1 2 3 3 3 2
3 1 2 3 3 3 2 1 3 2 0 0 0 3 0 0 3 1 3 2 1 0 3 3 3 3 2 3 1 2 3 3 3 0 3 3 1 1 2 0 1 0 1 0 0 1 3 2 2 1 3 3 3 3 3 3 3 1 0 1 0 1 3 3 3 3 2 1 2 2 1 3
1 15 117 119 5 6 1 6 1 100 129 15 15 129 15 0
2 0 3 3 0 0 1 1 3 2 2 3 2 1 1
1 0 3 3 0 0 1 1 3 2 2 3 2 1 1 2 2 0 0 0 0 1 2 0 0 2 3 2 1 3 2 0 0 1 2 3 2 1 3 2 2 0 0 2 2 1 2 0 0 2 0 3 2 1 3 2 0 0 0 1 1 0 0 1 2 1 2 1 3 2 1 2 1 2 1 0 0 0 0 1 2 3 1 2 3 3 2 1 1 1 2 0 0 0 3 2 1 2 2 1 0 1 2 2 1 2 0 3 2 2 0 1 0 2 1 3 0
1 1 126 144 5 6 1 6 1 100 144 0 0 140 1 0
0
3 1 3 1 0 1 1 3 2 2 3 0 1 3 3 1 2 2 1 2 0 0 2 0 0 1 3 2 0 0 2 0 0 0 0 3 2 2 2 1 0 3 2 0 0 3 0 3 1 0 3 3 0 0 3 2 0 1 2 0 1 0 3 1 0 1 1 2 2 2 1 2 0 2 3 0 1 0 3 0 0 2 2 0 1 1 2 3 0 0 0 1 3 3 1 3 1 0 1 1 2 2 1 2 0 1 0 2 3 1 1 3 3 3 3 2 1 0 2 1 2 0 0 3 2 1
1 2 127 138 5 6 1 6 1 100 138 0 0 135 2 0
3 1
2 1 2 1 1 3 2 2 3 3 2 0 2 0 3 0 2 1 1 2 0 0 0 3 0 0 2 1 1 3 2 3 0 0 0 1 2 1 3 2 3 1 1 0 1 2 1 3 2 2 1 3 3 3 1 3 3 1 0 1 1 2 1 3 2 0 2 0 0 3 1 0 2 1 3 2 0 0 3 0 1 1 2 2 3 0 3 2 1 3 1 2 1 1 1 3 2 0 1 2 2 0 0 3 2 1 2 2 1 0 3 1 1 0 2 3 3 2 3 2 1 2 2 1 2 0 2
1 3 128 147 5 6 1 6 1 100 147 0 0 145 3 0
3 1 1
2 1 1 0 0 0 0 2 1 2 0 3 2 3 3 0 0 3 1 1 0 2 1 1 0 3 3 0 0 3 1 1 2 1 0 2 1 2 1 1 0 2 0 2 2 0 3 3 0 3 3 3 3 3 3 2 1 3 2 1 1 0 2 1 0 0 0 2 1 2 3 0 0 3 2 1 2 1 1 0 3 1 0 2 1 0 3 3 2 1 1 0 2 0 2 0 3 2 1 0 0 0 2 1 0 2 2 0 0 0 2 0 0 3 0 3 0 2 2 3 2 2 2 1 0 0 3 3
1 6 131 109 5 6 1 6 1 100 110 6 6 110 6 0
2 2 0 1 1 0
1 2 0 1 1 0 3 1 2 1 2 2 1 1 3 2 1 1 2 1 3 2 2 1 2 1 3 3 2 3 1 0 2 1 0 1 2 2 0 0 2 2 2 2 1 0 0 1 0 2 0 0 3 2 2 3 2 1 2 1 0 2 0 0 3 0 1 2 0 3 2 0 0 3 2 2 2 2 1 0 0 1 1 3 2 1 3 2 0 0 3 2 0 0 2 0 2 0 0 1 1 1 2 1 0 3 1 0 2 1 3 2 1 0 2 1 0 2 1 3 3 0 3 1 1 2 1 1 3 2 1
1 6 131 139 5 6 1 6 1 100 140 6 6 140 6 0
3 3 1 2 0 3
2 3 1 2 0 3 3 2 3 0 3 3 2 2 3 2 2 3 3 3 3 1 2 3 1 2 2 3 0 3 0 3 3 2 1 3 0 1 3 2 0 3 2 2 1 2 3 3 1 2 3 2 2 3 0 1 3 2 1 1 3 0 3 1 2 1 1 3 2 2 1 0 0 1 0 2 2 2 1 0 3 1 3 0 1 3 3 0 0 3 1 1 2 1 2 0 3 0 3 2 1 1 2 2 2 2 0 3 2 1 3 1 0 0 3 0 0 2 1 3 3 3 1 3 2 0 1 3 3 3 2
1 8 133 122 5 6 1 6 1 100 125 8 8 125 8 0
3 1 0 1 2 1 0 0
2 1 0 1 2 1 0 0 3 3 0 0 0 3 3 0 0 3 3 3 1 1 2 0 0 1 1 3 2 2 0 3 2 3 3 1 2 3 3 0 3 0 0 0 0 0 1 1 0 3 3 0 0 3 0 0 0 3 2 0 1 3 2 2 0 3 3 2 3 3 0 1 3 2 1 0 3 3 1 2 1 0 2 2 1 0 0 0 0 1 1 3 2 0 1 0 3 0 0 1 1 0 2 0 2 0 0 3 0 1 3 2 2 3 2 0 0 2 3 1 2 2 2 3 3 3 3 3 3 3 2 3 3
1 8 134 114 5 6 1 6 1 100 117 8 8 117 8 0
1 2 0 1 2 1 2 3
0 2 0 1 2 1 2 3 3 3 3 3 2 2 1 0 3 0 2 0 3 3 2 0 3 0 2 1 0 2 2 2 2 0 3 3 3 3 1 3 3 1 3 3 0 0 3 3 3 3 0 3 0 2 2 2 3 2 2 3 3 1 3 0 3 2 3 3 0 3 0 3 0 3 0 2 0 3 0 0 2 2 1 0 0 1 0 0 3 3 3 3 2 0 0 2 3 3 3 2 0 3 1 3 2 2 0 2 0 3 2 1 3 3 0 0 0 0 0 0 1 0 3 1 2 1 0 2 0 2 1 0 0 3
1 9 134 131 5 6 1 6 1 100 135 9 9 135 9 0
3 2 0 2 0 3 3 2 2
2 2 0 2 0 3 3 2 2 3 3 3 3 3 1 0 1 1 2 3 3 2 2 1 2 1 3 2 1 3 2 1 3 2 2 1 2 3 3 3 1 3 1 3 2 1 3 1 2 0 1 2 2 3 1 0 1 1 2 2 2 0 3 3 3 3 0 3 3 3 2 2 1 3 2 2 3 3 0 1 1 1 2 1 0 1 2 0 0 0 3 2 1 2 2 1 0 1 2 0 1 3 2 2 0 3 1 1 0 2 3 0 2 0 3 2 1 3 1 3 2 2 1 0 1 2 0 2 0 2 3 0 0 3
1 10 135 120 5 6 1 6 1 100 125 10 10 125 10 0
2 0 2 3 2 0 0 2 1 1
1 0 2 3 2 0 0 2 1 1 1 3 2 0 0 2 1 3 3 2 1 3 2 0 0 1 2 1 0 3 1 2 2 3 2 3 3 0 1 3 2 1 1 2 1 0 2 1 1 1 2 3 2 0 0 1 3 1 0 2 1 1 3 2 3 0 3 2 0 0 3 1 0 1 0 0 1 3 1 3 0 1 0 0 1 3 2 2 1 2 1 0 2 3 0 0 0 1 0 2 1 0 0 0 0 3 1 0 2 1 0 2 0 1 2 3 1 3 3 1 3 2 0 0 1 2 3 2 0 0 1 3 2 2 0
1 10 135 130 5 6 1 6 1 100 135 10 10 135 10 0
2 3 2 3 2 0 1 2 2 3
1 3 2 3 2 0 1 2 2 3 2 1 2 1 1 3 2 2 1 0 2 3 3 1 2 3 3 1 2 1 1 3 2 0 1 2 0 1 2 1 0 2 1 0 1 1 2 1 0 1 2 2 0 3 0 1 2 2 2 1 1 0 2 1 0 2 3 3 1 0 1 2 1 2 2 2 3 3 0 0 0 1 2 2 3 3 3 3 2 2 0 0 3 2 3 0 2 3 1 2 3 1 0 2 1 2 1 1 0 0 3 1 3 1 1 0 2 2 1 1 3 0 1 2 0 3 0 1 2 2 3 1 1 0 1
1 13 138 127 5 6 1 6 1 100 135 13 13 135 13 0
0 0 3 3 0 0 2 1 2 3 1 2 2
3 0 3 3 0 0 2 1 2 3 1 2 2 2 1 0 3 3 1 0 3 1 0 0 1 1 3 1 1 0 3 1 0 2 3 2 1 1 2 2 0 0 3 3 2 2 3 0 3 3 2 1 2 2 3 3 2 1 3 2 1 1 2 0 0 0 0 0 2 0 0 2 2 1 0 0 0 0 0 3 1 2 1 1 2 1 0 1 1 2 3 1 3 2 3 2 3 1 0 3 3 2 2 1 2 0 3 2 2 1 2 1 2 0 3 3 0 1 1 2 1 0 2 2 1 0 3 2 2 1 2 3 3 3 2 0 0 2
1 15 140 120 5 6 1 6 1 100 130 15 15 130 15 0
0 1 2 2 2 2 0 3 1 0 3 1 0 1 2
3 1 2 2 2 2 0 3 1 0 3 1 0 1 2 3 3 2 3 3 0 0 3 2 0 0 2 3 1 1 2 1 1 2 3 2 1 2 2 2 3 2 0 3 0 0 3 3 2 0 1 3 2 1 0 1 1 0 2 2 3 3 1 0 2 2 1 2 3 3 1 1 0 3 0 3 3 2 0 1 3 2 1 1 1 1 2 0 1 1 2 1 2 1 1 2 1 3 3 3 1 2 3 1 0 0 3 2 3 3 2 0 3 2 2 1 2 1 0 0 2 2 1 0 3 1 1 1 2 1 1 2 0 1 0 0 3 1 1 0
1 15 140 130 5 6 1 6 1 100 140 15 15 140 15 0
3 2 0 3 1 2 1 1 0 1 1 0 2 3 3
2 2 0 3 1 2 1 1 0 1 1 0 2 3 3 1 3 2 2 1 0 3 3 3 1 2 2 3 1 0 3 3 3 1 0 0 1 3 3 3 1 3 3 1 2 1 1 0 2 0 1 2 2 0 3 0 1 1 0 0 3 3 2 1 1 1 1 0 1 1 0 0 3 2 0 1 1 0 3 1 2 1 1 0 2 1 0 0 2 0 3 1 1 0 2 1 1 0 0 1 0 3 3 0 1 1 1 2 3 0 3 1 1 2 2 3 1 1 0 0 0 0 0 3 2 2 3 3 2 1 2 0 3 3 0 0 1 2 1 0
1 16 141 119 5 6 1 6 1 100 130 16 16 130 16 0
2 2 3 0 1 2 0 0 1 0 0 0 3 3 1 0
1 2 3 0 1 2 0 0 1 0 0 0 3 3 1 0 2 3 0 3 1 1 0 2 2 2 1 3 0 3 1 2 1 1 2 2 0 0 0 2 2 1 0 1 2 2 0 1 2 2 1 3 3 1 0 1 0 1 0 0 0 2 0 0 2 1 1 0 2 1 2 1 0 3 1 2 3 1 1 2 3 2 2 3 0 0 3 1 0 3 3 3 2 2 3 0 0 3 3 1 0 0 0 3 3 2 3 3 3 3 1 3 1 3 3 3 0 2 3 2 2 2 1 2 3 1 0 0 0 0 0 0 0 0 1 2 1 1 2 2 0
1 16 141 129 5 6 1 6 1 100 140 16 16 140 16 0
2 0 2 3 2 3 0 1 1 1 2 1 2 2 1 0
1 0 2 3 2 3 0 1 1 1 2 1 2 2 1 0 0 2 0 1 2 2 0 0 0 2 0 1 1 1 1 2 3 2 0 0 1 1 3 3 3 0 1 3 0 3 0 2 1 3 3 2 0 1 0 1 3 2 0 0 1 0 3 3 2 0 2 1 1 3 3 2 0 3 2 3 2 3 0 2 2 0 3 0 2 2 3 2 2 2 0 2 2 1 3 3 3 2 0 0 2 3 2 3 2 2 0 1 2 1 1 0 2 3 1 3 2 1 0 3 2 2 0 2 1 1 2 0 1 1 3 3 2 0 0 0 3 0 1 1 0
1 16 141 129 5 6 1 6 1 100 140 16 16 140 16 0
2 0 2 3 2 3 0 1 1 1 2 1 2 2 1 0
1 0 2 3 2 3 0 1 1 1 2 1 2 2 1 0 0 2 0 1 2 2 0 0 0 2 0 1 1 1 1 2 3 2 0 0 1 1 3 3 3 0 1 3 0 3 0 2 1 3 3 2 0 1 0 1 3 2 0 0 1 0 3 3 2 0 2 1 1 3 3 2 0 3 2 3 2 3 0 2 2 0 3 0 2 2 3 2 2 2 0 2 2 1 3 3 3 2 0 0 2 3 2 3 2 2 0 1 2 1 1 0 2 3 1 3 2 1 0 3 2 2 0 2 1 1 2 0 1 1 3 3 2 0 0 0 3 0 1 1 0
1 10 15 20 5 6 1 6 1 100 20 0 0 7 4 0
1 1 2 0 2 0 0 0 1 0
0 0 1 2 2 3 0 1 2 1 3 2 1 3 2
1 13 59 114 5 6 1 6 1 100 122 13 13 122 13 0
0 0 2 1 3 1 3 3 0 3 1 0 2
3 0 2 1 3 1 3 3 0 3 1 0 2 2 0 3 2 1 3 0 0 0 0 0 1 0 3 1 0 3 2 0 3 3 1 0 1 0 2 3 3 0 0 2 3 3 0 0 3 3 1 3 2 0 2 0 2 1 0
1 10 114 101 5 6 1 6 1 100 106 10 10 106 10 0
2 0 2 3 2 0 0 2 1 1
1 0 2 3 2 0 0 2 1 1 1 3 2 0 0 2 1 3 3 2 1 3 2 0 0 1 2 1 0 3 1 2 2 3 2 3 3 0 1 3 2 1 1 2 1 0 2 1 1 1 2 3 2 0 0 1 3 1 0 2 1 1 3 2 3 0 3 2 0 0 3 1 0 1 0 0 1 3 1 3 0 1 0 0 1 3 2 2 1 2 1 0 2 3 0 0 0 1 0 2 1 0 0 0 0 3 1 0 2 1 0 2 0 1
0 2 3 137 5 6 1 6 1 100 137 0 0 134 2 0
0 2
3 2 1
0 6 7 144 5 6 1 6 1 100 145 6 6 145 6 0
0 1 3 2 3 1
3 1 3 2 3 1 1
0 10 15 140 5 6 1 6 1 100 145 10 10 145 10 0
0 3 3 1 0 0 2 0 1 0
3 3 3 1 0 0 2 0 1 0 0 3 0 2 1
0 13 21 137 5 6 1 6 1 100 144 12 12 140 13 0
2 0 0 0 0 1 3 1 2 3 3 3 3
1 0 0 0 0 1 3 1 2 3 3 3 2 3 0 0 1 3 2 1 1
0 13 131 78 5 6 1 6 1 100 86 13 13 86 13 0
3 3 1 0 3 2 3 1 2 3 2 3 1
2 3 1 0 3 2 3 1 2 3 2 3 1 1 0 0 2 3 0 1 1 2 1 0 0 0 1 2 2 1 2 1 2 2 0 1 2 1 0 0 1 0 0 3 3 0 1 2 1 0 3 2 2 3 0 2 3 1 3 0 2 1 1 2 3 1 2 3 3 0 3 0 0 3 0 0 1 3 2 2 1 0 2 1 1 2 1 0 0 3 3 2 2 3 0 1 2 2 1 1 3 2 1 2 3 2 2 1 2 0 0 2 1 3 0 1 1 1 3 0 2 1 3 0 3 1 3 0 0 2 3
0 13 134 60 5 6 1 6 1 100 68 13 13 68 13 0
0 3 3 0 1 3 0 3 2 1 0 2 3
3 3 3 0 1 3 0 3 2 1 0 2 3 1 0 1 1 1 3 1 3 1 3 0 2 0 2 3 2 0 3 3 3 3 3 2 0 1 1 1 1 3 0 3 3 2 1 2 2 0 0 3 3 3 0 1 1 2 1 3 3 1 3 3 3 2 1 1 0 2 0 3 3 3 0 3 1 1 2 0 1 3 0 0 2 3 3 1 1 2 3 0 0 0 3 2 1 1 1 3 1 3 3 3 3 3 3 0 2 1 1 2 0 2 3 3 3 2 3 0 1 3 3 1 3 3 3 0 1 3 3 3 0 1
0 13 134 60 5 6 1 6 1 100 68 13 13 68 13 0
0 3 3 0 1 3 0 3 2 1 0 2 3
3 3 3 0 1 3 0 3 2 1 0 2 3 1 0 1 1 1 3 1 3 1 3 0 2 0 2 3 2 0 3 3 3 3 3 2 0 1 1 1 1 3 0 3 3 2 1 2 2 0 0 3 3 3 0 1 1 2 1 3 3 1 3 3 3 2 1 1 0 2 0 3 3 3 0 3 1 1 2 0 1 3 0 0 2 3 3 1 1 2 3 0 0 0 3 2 1 1 1 3 1 3 3 3 3 3 3 0 2 1 1 2 0 2 3 3 3 2 3 0 1 3 3 1 3 3 3 0 1 3 3 3 0 1
0 4 27 23 5 6 1 6 1 100 23 0 0 22 4 0
3 2 1 3
2 2 1 3 2 1 2 2 1 0 0 1 1 0 3 2 2 2 3 1 0 3 2 2 1 2 2
0 9 37 23 5 6 1 6 1 100 27 9 9 27 9 0
1 2 3 0 1 2 0 2 1
0 2 3 0 1 2 0 2 1 0 0 1 1 2 2 1 2 1 1 0 1 1 0 1 3 2 2 3 1 1 2 0 1 0 1 1 1
0 9 37 23 5 6 1 6 1 100 27 9 9 27 9 0
1 2 3 0 1 2 0 2 1
0 2 3 0 1 2 0 2 1 0 0 1 1 2 2 1 2 1 1 0 1 1 0 1 3 2 2 3 1 1 2 0 1 0 1 1 1
0 9 37 23 5 6 1 6 1 100 27 9 9 27 9 0
1 2 3 0 1 2 0 2 1
0 2 3 0 1 2 0 2 1 0 0 1 1 2 2 1 2 1 1 0 1 1 0 1 3 2 2 3 1 1 2 0 1 0 1 1 1
0 11 47 29 5 6 1 6 1 100 35 11 11 35 11 0
0 0 1 3 2 2 3 0 1 2 2
3 0 1 3 2 2 3 0 1 2 2 3 3 2 1 2 2 1 2 2 3 3 0 2 3 2 3 0 1 2 1 1 1 3 0 3 0 0 1 2 2 1 2 2 1 0 2
0 10 65 49 5 6 1 6 1 100 54 10 10 54 10 0
1 2 3 3 0 1 3 0 1 1
0 2 3 3 0 1 3 0 1 1 0 1 1 2 3 0 2 1 3 2 2 3 3 1 1 0 1 2 2 0 0 1 3 1 0 2 3 0 2 3 0 1 3 2 1 2 2 0 1 2 0 0 2 1 1 2 2 3 1 2 2 3 1 2 1
0 10 65 49 5 6 1 6 1 100 54 10 10 54 10 0
1 2 3 3 0 1 3 0 1 1
0 2 3 3 0 1 3 0 1 1 0 1 1 2 3 0 2 1 3 2 2 3 3 1 1 0 1 2 2 0 0 1 3 1 0 2 3 0 2 3 0 1 3 2 1 2 2 0 1 2 0 0 2 1 1 2 2 3 1 2 2 3 1 2 1
0 9 70 46 5 6 1 6 1 100 50 9 9 50 9 0
0 0 2 3 0 3 3 1 3
3 0 2 3 0 3 3 1 3 0 0 1 3 2 3 1 3 2 1 1 1 3 1 0 0 2 2 3 0 2 3 0 1 3 3 3 3 3 1 0 0 3 1 0 0 2 0 0 1 2 2 1 2 0 0 0 3 2 0 0 1 2 0 0 2 2 0 0 0 3
0 11 76 45 5 6 1 6 1 100 50 10 10 46 11 0
0 0 0 2 3 3 1 1 2 3 1
3 0 0 2 3 3 1 1 2 3 0 0 0 3 2 1 1 1 3 1 3 3 3 3 3 3 0 2 1 1 2 0 2 3 3 3 2 3 0 1 3 3 1 3 3 3 0 1 3 3 3 0 1 3 2 0 1 3 1 0 2 3 1 2 2 1 3 1 3 3 1 3 3 0 0 0
0 11 76 45 5 6 1 6 1 100 50 10 10 46 11 0
0 0 0 2 3 3 1 1 2 3 1
3 0 0 2 3 3 1 1 2 3 0 0 0 3 2 1 1 1 3 1 3 3 3 3 3 3 0 2 1 1 2 0 2 3 3 3 2 3 0 1 3 3 1 3 3 3 0 1 3 3 3 0 1 3 2 0 1 3 1 0 2 3 1 2 2 1 3 1 3 3 1 3 3 0 0 0
0 11 76 45 5 6 1 6 1 100 50 10 10 46 11 0
0 0 0 2 3 3 1 1 2 3 1
3 0 0 2 3 3 1 1 2 3 0 0 0 3 2 1 1 1 3 1 3 3 3 3 3 3 0 2 1 1 2 0 2 3 3 3 2 3 0 1 3 3 1 3 3 3 0 1 3 3 3 0 1 3 2 0 1 3 1 0 2 3 1 2 2 1 3 1 3 3 1 3 3 0 0 0
0 2 78 73 5 6 1 6 1 100 73 0 0 70 2 0
0 3
3 3 2 2 1 2 2 0 1 2 1 0 1 2 1 2 0 0 0 3 2 1 2 2 2 3 1 0 3 3 0 0 2 2 1 3 0 0 3 3 2 1 2 0 0 1 2 3 2 2 2 0 2 2 1 0 3 0 0 3 2 2 1 2 1 1 2 0 1 2 0 1 1 2 3 2 1 1
0 16 79 51 5 6 1 6 1 100 62 16 16 62 16 0
1 2 1 2 0 2 2 3 1 0 1 3 2 0 2 2
0 2 1 2 0 2 2 3 1 0 1 3 2 0 2 2 2 1 1 0 1 0 1 1 2 0 1 0 2 1 3 0 2 0 1 3 1 2 2 3 0 3 0 2 2 2 0 3 2 0 1 2 0 1 0 1 3 3 3 3 0 2 3 3 3 1 1 0 0 0 0 0 2 0 1 1 0 1 3
0 4 83 35 5 6 1 6 1 100 35 0 0 34 4 0
3 3 3 0
2 3 3 0 1 2 2 0 1 3 0 1 2 1 3 2 1 2 0 0 1 0 2 1 2 1 0 2 0 0 3 0 2 3 0 1 2 2 0 3 2 3 3 1 0 2 0 1 0 1 2 2 1 3 3 2 2 1 0 3 1 1 2 2 1 1 3 0 3 3 1 1 2 1 0 0 2 3 2 1 2 2 1
0 6 84 76 5 6 1 6 1 100 77 6 6 77 6 0
3 3 1 0 2 3
2 3 1 0 2 3 1 2 1 2 2 1 0 2 3 1 1 2 0 1 1 3 1 1 2 1 0 1 3 3 0 0 3 3 2 0 1 2 3 3 2 2 1 2 0 2 2 0 1 2 3 3 2 2 3 1 2 2 1 2 2 1 3 0 0 0 2 2 1 2 3 0 2 2 1 2 3 0 3 3 2 2 3 2
0 13 88 60 5 6 1 6 1 100 68 13 13 68 13 0
0 3 3 0 1 3 0 3 2 1 0 2 3
3 3 3 0 1 3 0 3 2 1 0 2 3 1 0 1 1 1 3 1 3 1 3 0 2 0 2 3 2 0 3 3 3 3 3 2 0 1 1 1 1 3 0 3 3 2 1 2 2 0 0 3 3 3 0 1 1 2 1 3 3 1 3 3 3 2 1 1 0 2 0 3 3 3 0 3 1 1 2 0 1 3 0 0 2 3 3 1
0 10 92 30 5 6 1 6 1 100 35 10 10 35 10 0
1 3 0 1 3 0 2 2 0 2
0 3 0 1 3 0 2 2 0 2 1 2 1 1 1 2 2 0 1 1 2 3 2 2 1 0 3 0 2 0 1 0 3 2 0 0 0 3 3 1 2 1 1 3 3 1 3 3 2 0 1 1 0 0 1 0 3 3 3 3 3 3 2 1 3 1 3 1 2 1 1 0 1 1 2 0 0 3 1 0 2 0 1 1 2 0 3 3 1 2 2 3
0 8 101 80 5 6 1 6 1 100 83 8 8 83 8 0
1 0 3 0 0 1 3 0
0 0 3 0 0 1 3 0 1 3 0 2 2 2 2 1 2 1 2 3 0 2 0 1 0 0 0 3 0 0 0 0 0 2 1 2 1 1 3 3 0 1 1 2 3 3 3 3 2 3 3 3 0 2 1 2 2 3 1 3 2 0 1 1 2 3 1 3 3 2 3 3 3 1 2 3 2 3 1 3 0 0 3 3 0 2 1 3 2 3 3 3 3 2 2 0 1 2 1 0 0
0 7 103 59 5 6 1 6 1 100 61 7 7 61 7 0
3 3 0 0 1 2 0
2 3 0 0 1 2 0 1 1 2 1 1 0 3 1 3 1 3 1 2 1 2 0 0 0 2 1 2 2 3 1 2 1 3 1 2 2 0 0 0 1 1 2 1 1 3 1 0 0 0 3 1 2 0 2 1 1 2 2 0 1 0 3 3 3 1 1 0 1 2 3 1 1 3 0 2 3 3 0 2 0 1 3 0 3 2 3 1 2 1 3 3 0 2 1 2 2 2 0 1 1 0 0
0 11 104 35 5 6 1 6 1 100 41 11 11 41 11 0
0 1 1 2 2 1 3 3 1 3 2
3 1 1 2 2 1 3 3 1 3 2 3 1 2 2 3 3 3 0 2 0 0 0 0 0 3 0 3 0 3 3 1 2 1 2 2 1 2 0 3 0 1 0 0 2 2 1 1 0 3 1 3 3 1 1 2 0 3 0 1 2 3 2 2 1 0 1 1 2 0 1 1 0 0 0 2 0 1 1 2 3 3 0 1 2 2 3 1 2 1 3 3 2 0 1 1 3 3 2 1 2 3 0 0
0 10 105 49 5 6 1 6 1 100 54 10 10 54 10 0
1 2 3 3 0 1 3 0 1 1
0 2 3 3 0 1 3 0 1 1 0 1 1 2 3 0 2 1 3 2 2 3 3 1 1 0 1 2 2 0 0 1 3 1 0 2 3 0 2 3 0 1 3 2 1 2 2 0 1 2 0 0 2 1 1 2 2 3 1 2 2 3 1 2 1 3 0 0 1 3 0 1 1 0 2 0 0 1 3 3 2 3 3 0 0 1 1 2 1 1 1 2 2 3 1 0 0 1 3 0 1 2 0 1 2
0 3 107 22 5 6 1 6 1 100 22 0 0 20 3 0
0 0 0
3 0 0 2 2 0 0 3 2 0 0 0 0 1 2 0 1 1 2 3 0 2 2 1 1 2 1 2 0 1 1 1 3 3 1 0 1 0 2 1 1 0 1 2 0 0 1 2 2 1 2 2 3 1 0 1 0 1 2 1 1 0 1 3 3 1 2 3 3 0 3 2 2 3 3 3 3 2 1 2 1 1 3 3 1 3 2 3 2 1 2 1 0 1 1 0 2 1 2 2 0 1 1 0 1 3 0
0 14 109 23 5 6 1 6 1 100 27 14 14 27 14 0
1 1 1 3 3 0 0 1 0 0 2 3 2 3
0 1 1 2 3 0 0 1 0 0 2 3 2 3 0 3 0 0 1 2 2 1 2 1 2 2 1 2 2 1 1 0 1 1 0 3 3 1 0 0 0 0 3 2 2 3 1 0 3 2 1 2 2 1 2 1 2 0 0 1 0 2 3 0 0 2 1 1 1 0 0 2 1 1 2 3 3 2 2 0 0 0 2 2 3 2 2 2 3 1 2 2 0 0 0 3 2 3 1 3 2 2 3 1 1 2 1 3 0
0 11 118 76 5 6 1 6 1 100 81 10 10 77 11 0
2 1 0 3 3 3 0 2 3 1 1
1 1 0 3 3 3 0 2 3 1 0 1 3 3 3 0 0 0 0 0 2 3 2 2 3 0 0 1 2 2 0 3 2 3 3 2 0 0 3 0 0 1 3 1 3 3 3 0 3 3 1 2 3 1 2 0 0 2 2 0 2 3 1 2 2 2 0 2 3 3 3 3 0 3 3 2 3 3 3 3 2 2 2 3 2 2 0 0 3 3 1 1 0 1 1 1 0 0 0 2 1 2 2 3 1 3 1 3 3 0 0 3 0 2 0 2 0 1
0 7 121 22 5 6 1 6 1 100 24 7 7 24 7 0
3 3 3 3 3 2 2
2 3 3 3 3 2 2 3 1 1 0 3 3 1 1 2 0 1 3 2 3 2 3 1 2 0 0 2 3 2 1 2 3 1 0 1 1 1 2 1 2 3 1 1 3 3 3 3 1 0 0 1 2 2 2 0 0 1 2 3 3 3 1 0 3 0 0 3 2 2 3 0 0 3 1 2 3 1 1 0 1 2 3 2 2 3 0 3 2 3 1 1 0 3 1 0 3 2 2 2 2 3 2 2 3 2 1 1 3 1 3 3 0 0 0 2 3 2 0 0 2
0 7 121 97 5 6 1 6 1 100 99 7 7 99 7 0
1 3 3 0 1 0 0
0 3 3 0 1 0 0 2 2 2 0 1 2 1 2 2 3 1 2 1 2 1 3 2 2 3 1 3 3 3 3 1 2 3 0 3 0 0 2 2 3 0 2 1 2 0 3 2 1 2 2 0 0 2 1 0 3 2 1 3 0 0 0 3 3 3 1 2 1 3 2 2 3 1 3 0 0 0 3 2 2 1 2 2 3 0 1 1 2 2 0 1 3 1 0 2 2 3 0 1 0 2 1 1 0 3 2 3 1 3 1 2 3 3 0 3 3 3 3 1 3
1 9 13 131 5 6 1 6 1 100 135 9 9 135 9 0
0 3 2 2 2 3 0 0 0
3 3 2 2 2 3 0 0 0 2 1 0 1
1 13 21 136 5 6 1 6 1 100 144 13 13 144 13 0
1 0 1 0 3 1 1 2 0 3 1 3 0
0 0 1 0 3 1 1 2 0 3 1 3 0 3 0 1 1 1 0 1 3
1 10 47 119 5 6 1 6 1 100 129 10 10 129 10 0
0 1 1 0 2 0 0 0 1 2
0 1 1 0 2 0 0 0 1 2 2 1 0 1 3 2 2 1 3 3 1 1 0 2 0 1 2 1 0 3 3 2 3 3 0 0 0 3 0 0 2 1 1 3 2 1 2
1 2 59 134 5 6 1 6 1 100 134 0 0 131 2 0
0 3
3 3 3 0 0 0 3 1 0 1 0 3 3 0 3 1 3 3 2 1 0 0 0 2 2 2 0 3 3 2 2 3 3 0 3 2 0 0 1 0 1 0 1 3 0 1 2 3 3 0 3 3 3 3 2 0 3 3 3
1 6 66 129 5 6 1 6 1 100 130 6 6 130 6 0
2 1 2 3 3 2
1 1 2 3 3 2 1 2 2 1 2 0 3 3 3 0 2 3 2 1 3 0 3 3 3 3 1 2 0 2 1 0 0 0 3 3 0 1 0 1 0 1 2 2 0 2 2 3 0 0 0 1 0 1 3 0 0 3 2 3 3 3 0 1 3 3
1 6 81 129 5 6 1 6 1 100 130 6 6 130 6 0
2 3 2 0 1 1
1 3 2 0 1 1 0 1 1 2 2 3 2 0 0 1 3 1 0 2 1 1 1 1 1 0 1 1 0 3 2 1 1 1 0 1 3 2 1 2 3 3 0 1 1 1 3 2 3 0 1 1 0 1 0 0 1 2 0 3 3 3 0 0 1 1 3 2 1 2 0 0 2 1 1 2 0 1 0 1 1
1 5 91 135 5 6 1 6 1 100 135 0 0 130 5 0
3 2 3 2 0
2 2 3 1 0 1 1 0 1 1 2 1 2 2 1 1 0 0 1 2 0 2 1 0 3 2 0 1 1 3 1 0 0 3 1 0 2 1 3 2 2 2 3 0 0 3 1 3 2 1 3 2 1 0 3 2 2 0 2 0 2 2 0 2 1 0 0 3 3 3 2 3 1 3 1 0 2 1 1 2 0 3 2 1 1 2 2 1 3 0 1
1 5 91 135 5 6 1 6 1 100 135 0 0 130 5 0
3 2 3 2 0
2 2 3 1 0 1 1 0 1 1 2 1 2 2 1 1 0 0 1 2 0 2 1 0 3 2 0 1 1 3 1 0 0 3 1 0 2 1 3 2 2 2 3 0 0 3 1 3 2 1 3 2 1 0 3 2 2 0 2 0 2 2 0 2 1 0 0 3 3 3 2 3 1 3 1 0 2 1 1 2 0 3 2 1 1 2 2 1 3 0 1
1 9 96 126 5 6 1 6 1 100 126 0 0 125 9 0
1 3 0 3 2 3 2 2 3
0 3 0 2 2 3 2 2 3 0 3 3 2 0 3 0 0 1 3 2 1 1 0 2 0 2 1 2 0 3 3 3 2 1 2 1 2 3 1 2 3 1 1 0 2 0 2 0 0 1 2 1 2 2 1 0 2 3 3 2 1 2 2 3 2 1 3 3 1 1 0 2 3 3 1 0 0 1 0 0 3 3 3 3 1 0 2 0 3 3 3 3 3 2 2 2
1 2 127 138 5 6 1 6 1 100 138 0 0 135 2 0
1 3
0 3 3 1 2 0 0 2 0 3 2 3 3 3 0 1 1 2 3 2 2 0 0 0 0 2 2 2 3 0 0 0 0 3 0 0 1 2 2 0 3 3 0 0 1 1 1 0 0 2 3 0 3 0 0 0 3 2 0 2 1 2 0 2 0 0 0 1 2 3 3 2 0 3 2 3 1 2 0 0 3 3 1 3 3 0 3 2 0 1 3 1 1 3 1 1 0 2 3 0 3 1 0 0 0 2 3 1 1 3 2 0 0 0 2 2 2 1 3 2 2 0 3 2 1 2 2
1 3 128 127 5 6 1 6 1 100 127 0 0 125 3 0
2 3 2
1 3 2 1 1 3 2 3 2 3 1 3 3 1 1 2 1 0 2 3 2 2 3 0 3 3 2 0 0 0 3 1 2 3 1 0 3 2 3 2 1 2 2 3 3 3 2 2 0 3 2 3 1 0 1 1 0 0 3 1 0 2 2 1 0 0 3 0 3 3 0 0 1 3 1 1 3 2 0 1 3 0 3 1 3 1 3 1 3 0 1 0 1 3 2 1 1 2 1 0 2 3 3 0 0 0 1 1 2 3 0 1 1 2 2 2 0 0 0 0 3 2 1 3 3 1 0 1
1 4 129 126 5 6 1 6 1 100 126 0 0 125 4 0
1 0 3 3
0 0 3 3 0 1 3 3 0 0 1 1 2 1 1 0 2 1 0 2 2 0 2 3 3 2 0 2 3 0 3 3 3 1 2 0 0 0 3 1 1 0 2 3 2 1 1 0 3 3 2 2 3 0 0 1 2 3 2 1 2 2 0 3 3 0 3 1 2 0 1 1 1 2 2 1 0 2 3 1 0 1 3 1 0 2 1 1 2 1 0 2 1 1 0 2 3 2 0 0 0 1 1 2 0 0 0 0 0 0 2 1 2 3 3 2 0 0 1 2 3 2 2 3 2 1 3 3 2
1 4 129 141 5 6 1 6 1 100 141 0 0 140 4 0
0 0 0 1
3 0 0 1 1 0 0 3 3 2 0 1 1 3 1 3 1 1 2 2 1 0 0 2 3 2 0 1 2 0 0 3 3 3 2 0 1 1 3 1 2 3 0 1 2 2 2 1 1 3 2 2 1 0 0 1 0 0 1 3 2 0 0 3 2 1 2 1 0 0 1 0 3 2 2 3 2 3 2 2 1 2 1 3 2 0 0 3 0 3 1 3 2 1 2 3 0 2 1 2 2 1 0 2 1 0 3 3 0 1 2 1 1 2 3 2 2 1 2 3 3 2 3 3 2 0 3 2 0
1 5 130 140 5 6 1 6 1 100 140 0 0 140 5 0
2 3 3 1 0
1 3 3 1 0 2 1 2 3 0 2 0 3 0 0 3 2 0 0 0 2 2 1 0 1 2 0 1 1 2 0 2 1 1 0 0 0 2 2 1 2 0 3 3 0 2 1 0 3 3 2 3 1 2 1 1 0 2 0 3 0 2 0 1 1 3 3 1 1 0 2 3 2 3 3 1 0 2 1 1 2 1 1 2 2 2 0 0 1 1 1 3 2 1 0 3 1 0 2 1 1 0 2 3 3 2 3 1 1 2 2 2 1 0 2 2 2 1 0 0 1 0 0 0 1 2 3 1 2 0
1 6 131 134 5 6 1 6 1 100 135 6 6 135 6 0
3 3 3 2 1 1
2 3 3 2 1 1 0 3 3 2 1 2 2 0 1 3 1 0 0 0 3 0 3 3 3 3 1 1 1 3 2 3 2 3 0 3 2 0 3 3 1 0 0 1 2 1 3 2 3 1 0 3 1 3 3 1 0 3 3 2 0 1 0 3 3 2 1 2 0 3 3 0 0 1 0 3 0 2 2 2 0 2 3 2 1 1 0 3 3 1 2 1 1 0 2 0 1 3 1 3 2 3 2 1 1 0 2 0 3 2 0 0 2 3 3 3 0 0 0 0 3 1 0 2 2 0 0 0 0 1 1
1 8 133 132 5 6 1 6 1 100 135 8 8 135 8 0
1 2 0 3 1 0 2 0
0 2 0 3 1 0 2 0 0 0 0 2 0 3 1 3 2 1 1 0 1 2 3 0 0 3 3 2 1 3 1 2 2 2 2 0 0 0 0 3 0 0 3 3 0 2 0 0 0 2 0 0 3 1 3 2 0 0 0 3 0 0 0 3 2 0 0 0 1 0 2 1 0 2 2 2 0 0 1 3 0 1 1 1 3 2 1 1 0 2 1 3 0 0 3 0 0 3 1 0 1 0 1 3 1 3 0 0 0 0 1 0 0 3 0 3 2 1 0 3 3 3 3 3 3 2 1 0 2 2 2 0 3
1 8 133 142 5 6 1 6 1 100 145 8 8 145 8 0
0 1 3 3 1 2 3 0
3 1 3 3 1 2 3 0 2 3 2 2 3 1 0 2 1 0 0 1 2 3 1 0 1 1 1 0 2 3 3 1 2 2 3 1 2 2 2 1 0 3 0 1 2 0 0 0 2 3 0 0 0 2 3 1 0 2 1 1 2 2 2 3 0 2 0 0 2 0 0 2 0 0 2 0 1 2 1 3 1 1 0 2 1 2 2 1 1 3 3 1 2 2 3 0 3 1 3 3 3 3 3 1 2 2 3 2 0 3 3 3 1 2 0 3 2 0 0 3 3 1 2 1 1 2 3 3 3 3 3 2 0
1 9 134 136 5 6 1 6 1 100 140 9 9 140 9 0
3 1 2 1 3 1 1 2 3
2 1 2 1 3 1 1 2 3 0 0 0 1 1 1 1 2 2 2 0 0 1 0 2 0 2 2 1 0 2 1 3 3 2 0 3 3 3 1 1 1 2 0 1 0 1 0 3 1 3 2 2 0 3 2 2 1 0 0 0 2 3 0 3 3 1 3 2 1 1 0 3 1 0 0 1 0 3 3 0 3 2 3 1 2 1 3 3 3 1 2 1 2 1 3 1 2 1 2 1 0 2 3 2 2 3 2 2 1 0 2 3 3 2 3 0 1 0 0 1 0 3 1 0 0 0 0 2 1 1 0 2 3 1
1 10 135 105 5 6 1 6 1 100 115 10 10 115 10 0
0 0 3 1 0 2 3 2 1 1
0 0 3 1 0 2 3 2 1 1 0 1 2 1 3 2 1 1 2 3 1 2 1 1 0 0 2 0 0 3 2 2 3 1 2 1 0 2 1 0 2 0 0 0 3 2 1 1 2 2 2 2 0 1 3 3 3 2 1 2 0 3 0 2 3 3 0 1 3 3 3 1 0 0 2 2 3 3 3 3 3 0 0 1 1 0 1 0 0 1 1 3 2 2 3 2 3 3 2 0 1 1 0 0 3 3 0 0 3 3 2 0 3 1 1 0 1 1 0 2 1 0 0 2 2 1 2 3 0 2 1 2 2 1 2
1 10 135 120 5 6 1 6 1 100 125 10 10 125 10 0
3 2 1 0 0 3 2 3 1 2
2 2 1 0 0 3 2 3 1 2 0 0 3 3 3 2 1 1 3 2 2 0 1 0 1 1 2 0 0 3 1 0 0 0 0 3 1 0 1 2 0 3 3 3 3 0 1 3 2 1 1 2 2 0 3 0 1 2 2 3 3 3 1 2 0 1 1 2 3 1 0 2 2 0 3 1 2 3 2 0 3 3 1 1 2 0 1 3 1 2 1 3 2 2 0 1 0 0 0 0 0 1 1 2 1 1 3 2 2 0 0 1 2 1 1 0 2 0 0 1 3 0 1 3 1 1 2 3 1 0 2 1 1 0 3
1 10 135 125 5 6 1 6 1 100 130 10 10 130 10 0
3 0 0 1 3 3 3 2 1 0
2 0 0 1 3 3 3 2 1 0 0 3 3 3 3 1 1 0 3 3 1 0 3 3 3 3 0 0 3 0 3 1 1 1 3 1 1 2 2 1 2 0 0 3 3 0 3 2 1 3 1 0 1 0 0 1 1 3 2 0 0 1 3 3 0 0 1 0 2 0 0 0 0 1 0 0 3 1 1 2 3 3 1 0 2 2 2 0 3 0 1 2 0 1 2 3 3 3 2 3 0 3 3 3 3 0 0 2 0 0 3 1 3 2 0 1 3 2 1 1 3 2 0 1 1 1 2 0 1 2 1 0 3 3 3
1 11 136 114 5 6 1 6 1 100 120 11 11 120 11 0
1 0 3 2 1 3 2 0 0 0 0
0 0 3 2 1 3 2 0 0 0 0 0 2 1 3 2 3 1 0 1 1 2 2 1 0 3 3 2 1 2 3 0 1 2 1 3 2 3 2 2 1 3 2 0 3 0 2 3 2 0 1 2 0 3 2 2 3 3 1 3 3 2 2 1 2 3 1 0 3 1 3 3 3 2 3 1 3 2 2 0 3 2 0 3 2 2 3 2 1 2 3 2 3 2 3 0 3 0 0 1 0 2 1 0 3 3 2 0 3 0 1 1 2 3 3 1 1 2 0 1 1 3 2 2 3 0 1 0 2 1 0 3 1 3 2 2
1 11 136 134 5 6 1 6 1 100 140 11 11 140 11 0
3 2 2 3 0 0 3 2 3 2 1
2 2 2 3 0 0 3 2 3 2 1 0 2 1 0 1 1 3 3 1 2 3 2 1 3 2 3 3 3 1 1 2 0 3 3 1 3 2 2 2 3 2 3 0 1 3 2 3 3 3 2 1 1 3 2 2 3 2 2 0 0 0 1 1 2 2 3 0 0 0 3 2 3 1 2 0 1 1 1 2 0 3 2 1 3 1 3 0 1 3 1 1 2 2 3 3 3 3 1 3 1 3 0 1 3 3 2 3 2 1 0 3 3 1 3 1 1 1 2 2 1 3 0 1 1 2 3 2 1 0 2 3 1 3 2 1
1 13 138 117 5 6 1 6 1 100 125 13 13 125 13 0
3 0 3 3 0 3 2 0 0 1 0 3 1
2 0 3 3 0 3 2 0 0 1 0 3 1 0 2 0 1 2 0 0 1 2 0 0 2 0 0 0 0 0 1 0 0 3 1 2 3 3 0 0 3 2 3 0 1 1 0 1 2 1 2 1 1 3 0 0 0 2 0 0 3 1 3 1 2 3 1 1 1 3 3 1 3 2 1 1 0 2 1 0 1 1 2 3 3 0 3 0 0 1 3 3 0 2 1 2 1 2 1 0 1 0 1 0 1 3 3 0 0 0 0 0 2 0 0 1 3 0 3 3 3 3 2 2 1 2 1 3 2 1 1 0 2 0 0 0 2 1
1 13 138 122 5 6 1 6 1 100 130 13 13 130 13 0
3 0 1 0 3 2 3 2 2 3 2 0 3
2 0 1 0 3 2 3 2 2 3 2 0 3 0 1 3 2 1 1 2 0 3 3 1 1 2 1 1 1 2 1 2 3 1 1 0 2 1 0 3 0 3 1 2 2 1 3 3 1 3 0 0 3 3 3 0 3 3 2 1 2 3 2 1 2 2 1 3 3 1 1 3 2 2 0 2 3 2 3 2 2 1 0 1 1 0 0 0 0 1 0 2 2 1 2 2 1 1 3 1 0 0 3 1 0 0 3 2 1 1 2 1 0 3 2 1 3 2 2 1 3 0 0 2 1 2 2 2 1 2 2 2 3 3 0 0 3 3
1 14 139 116 5 6 1 6 1 100 125 14 14 125 14 0
3 0 1 2 0 0 0 0 0 0 0 0 2 1
1 0 1 2 0 0 0 0 0 0 0 0 2 1 1 1 2 3 0 1 3 3 3 1 2 3 0 1 2 0 2 1 3 1 3 3 1 3 3 3 0 0 0 3 0 3 2 2 1 2 2 3 2 0 2 2 2 2 2 2 2 0 3 3 2 0 1 3 1 2 1 3 3 1 2 1 3 1 2 1 1 1 3 2 1 2 2 2 1 0 2 1 1 1 2 1 3 1 0 1 3 2 1 2 3 3 1 0 1 2 2 3 1 3 2 3 1 1 0 0 1 3 2 2 1 3 2 3 1 2 1 1 0 2 3 3 2 3 1
1 15 140 120 5 6 1 6 1 100 130 15 15 130 15 0
2 1 3 1 3 1 2 2 2 3 0 1 2 3 0
1 1 3 1 3 1 2 2 2 3 0 1 2 3 0 1 2 1 1 1 1 3 2 3 1 0 2 3 3 2 1 3 2 2 1 0 2 2 2 2 1 2 3 3 3 3 1 3 3 3 3 1 3 1 3 3 1 3 3 1 3 3 3 3 1 3 1 3 1 3 2 3 2 3 1 0 3 0 2 1 3 1 1 1 0 1 3 3 3 1 1 1 3 3 3 3 1 3 1 1 0 1 3 3 2 2 1 3 0 0 0 3 2 3 0 0 0 0 0 0 0 3 2 2 3 3 0 0 2 0 1 3 0 3 2 0 3 1 0 2
1 15 140 135 5 6 1 6 1 100 145 15 15 145 15 0
0 1 2 3 1 1 3 1 3 2 3 3 3 0 3
3 1 2 3 1 1 3 1 3 2 3 3 3 0 3 1 0 2 1 0 2 2 2 3 3 0 1 3 2 2 1 0 0 2 1 2 1 2 1 1 3 2 2 0 0 3 3 0 2 1 1 3 3 2 1 1 2 0 3 2 3 3 0 0 1 3 0 1 2 3 0 1 1 2 1 0 0 0 0 1 0 1 1 0 2 1 2 0 1 2 1 2 1 1 0 2 1 1 0 3 3 1 1 0 3 1 3 2 1 3 2 1 2 1 3 2 1 0 0 1 0 0 1 3 1 0 1 1 3 2 2 0 1 0 1 1 2 2 3 1
1 16 141 129 5 6 1 6 1 100 140 16 16 140 16 0
1 2 0 0 2 1 1 1 1 0 3 0 0 0 3 2
0 2 0 0 2 1 1 1 1 0 3 0 0 0 3 2 1 2 1 1 2 0 0 2 2 1 0 1 0 2 1 1 1 0 3 1 0 1 1 0 2 1 0 1 3 0 2 1 2 2 0 0 0 1 2 1 1 0 2 1 0 2 1 2 2 1 2 0 2 0 2 2 1 1 2 0 0 0 3 1 2 1 1 0 0 3 1 0 1 3 3 3 3 2 1 1 0 2 0 0 0 1 0 1 2 1 1 0 2 3 0 0 0 2 2 1 2 0 3 1 0 1 1 2 0 0 1 1 2 0 1 2 2 0 2 0 2 0 3 1 2
1 3 68 112 5 6 1 6 1 100 112 0 0 110 3 0
2 1 3
1 1 3 2 0 1 0 3 3 0 3 3 0 0 1 2 3 1 0 0 1 2 1 0 3 3 1 0 2 2 0 0 0 3 0 3 3 3 1 0 1 2 1 3 3 3 0 0 1 0 0 3 1 1 2 2 1 0 3 0 3 2 0 1 0 0 0 2
0 1 2 134 5 6 1 6 1 100 134 0 0 130 1 0
2
1 2
0 10 15 125 5 6 1 6 1 100 130 10 10 130 10 0
2 2 0 0 3 0 2 3 2 3
1 2 0 0 3 0 2 3 2 3 3 1 2 1 3
0 16 27 117 5 6 1 6 1 100 128 16 16 128 16 0
2 2 1 3 2 2 2 1 0 1 3 0 1 1 0 1
1 2 1 3 2 2 2 1 0 1 3 0 1 1 0 1 0 0 2 1 0 1 1 3 3 3 3
0 14 128 91 5 6 1 6 1 100 100 14 14 100 14 0
2 2 1 2 3 2 0 1 1 3 3 3 3 3
1 2 1 2 3 2 0 1 1 3 3 3 3 3 2 1 0 1 1 3 3 0 2 1 3 0 1 3 1 3 0 2 0 1 1 2 3 2 1 2 2 3 0 2 3 0 2 1 3 2 0 0 2 3 3 3 3 2 2 1 2 1 2 0 3 3 2 0 1 2 2 3 1 0 1 1 0 2 1 0 0 0 3 2 3 3 2 3 3 1 0 1 2 1 1 2 3 3 2 3 3 2 3 3 0 2 1 1 0 1 1 3 3 0 1 1 2 0 1 2 1 0 3 3 1 2 3 1
0 2 28 28 5 6 1 6 1 100 28 0 0 25 2 0
0 2
3 2 1 3 3 1 3 3 1 0 2 3 3 0 1 0 0 1 3 3 3 0 3 3 1 0 3 0
0 2 40 31 5 6 1 6 1 100 31 0 0 28 2 0
1 2
0 2 0 2 2 1 3 1 3 2 1 2 0 1 2 0 1 2 1 0 3 0 2 0 2 2 3 2 2 1 1 0 3 0 0 1 3 3 1 3
0 11 53 35 5 6 1 6 1 100 41 11 11 41 11 0
3 1 2 1 3 2 1 3 0 1 3
2 1 2 1 3 2 1 3 0 1 3 0 3 0 3 3 2 2 3 3 3 0 2 2 2 1 2 2 3 1 1 2 2 1 0 3 2 3 1 3 3 0 3 1 2 2 3 1 0 3 3 2 2
0 12 67 47 5 6 1 6 1 100 49 7 7 49 12 0
2 0 2 3 0 2 2 1 1 2 2 2
1 0 2 3 0 2 2 0 1 2 2 2 1 0 3 1 3 3 2 3 0 2 3 2 3 2 3 0 0 3 0 2 3 0 2 2 0 1 0 0 2 0 2 2 2 1 2 0 0 2 1 0 0 0 3 3 3 0 0 0 3 0 0 0 3 0 2
0 4 78 49 5 6 1 6 1 100 49 0 0 48 4 0
1 3 2 0
0 3 2 0 0 0 1 3 3 0 3 0 3 0 3 0 2 1 2 0 1 1 2 3 2 3 2 2 1 1 1 1 3 3 3 2 0 0 3 3 2 3 3 3 3 0 2 1 2 3 0 1 1 1 2 3 3 1 1 3 0 3 3 3 2 2 0 1 1 2 1 2 3 3 2 1 0 0
0 4 80 24 5 6 1 6 1 100 24 0 0 23 4 0
0 0 0 3
3 0 0 3 2 2 1 1 3 1 0 0 1 2 3 1 1 3 3 3 2 2 3 0 0 2 2 1 1 2 1 1 2 1 3 0 0 1 3 0 2 0 1 2 3 3 3 0 0 1 2 2 2 3 1 1 3 0 2 1 2 0 2 2 2 2 2 3 2 2 3 0 0 2 1 2 1 2 2 0
0 15 82 56 5 6 1 6 1 100 66 15 15 66 15 0
2 2 3 0 2 2 1 2 0 1 2 0 1 1 2
1 2 3 0 2 2 1 2 0 1 2 0 1 1 2 0 1 1 1 0 3 0 2 0 1 3 0 3 2 2 2 2 1 1 2 0 1 1 0 0 3 1 1 1 0 0 1 0 0 2 3 1 3 1 0 3 0 0 3 3 0 1 1 1 2 0 1 0 1 2 3 3 3 1 2 2 1 3 2 3 3 3
0 8 94 40 5 6 1 6 1 100 43 8 8 43 8 0
0 1 2 0 1 1 2 1
3 1 2 0 1 1 2 1 2 0 1 1 3 3 1 3 0 1 3 3 3 0 2 0 1 1 2 0 1 2 1 1 1 0 3 0 0 0 3 2 2 1 0 2 1 2 1 3 3 1 2 3 0 2 0 2 2 3 1 3 1 1 1 2 1 1 1 0 0 3 0 0 1 0 2 3 0 1 1 2 3 0 2 0 1 0 3 2 2 1 1 2 1 3
0 14 97 58 5 6 1 6 1 100 62 14 14 62 14 0
2 0 2 1 2 3 0 3 1 1 1 2 1 0
1 0 2 1 2 3 0 2 1 1 1 2 1 0 0 3 2 1 0 2 3 2 1 3 2 1 2 1 2 2 1 1 1 2 2 3 1 0 0 2 2 1 2 2 2 1 0 1 1 0 1 3 1 2 3 2 2 3 1 3 0 1 1 2 3 3 2 0 2 3 0 0 0 2 3 0 2 2 3 2 2 3 1 2 0 2 3 2 3 2 3 3 2 1 0 0 0
0 1 99 30 5 6 1 6 1 100 30 0 0 26 1 0
0
3 0 2 1 0 2 3 1 1 0 3 1 3 2 1 3 0 3 1 1 1 2 3 0 2 1 1 1 0 0 3 0 0 2 2 3 2 2 1 2 2 2 3 2 0 1 2 1 1 3 0 0 0 0 0 0 1 2 2 3 2 0 2 0 1 2 0 1 2 3 3 0 3 1 0 0 2 0 1 1 0 3 3 3 0 2 1 2 2 3 0 2 1 2 0 3 3 2 3
0 9 100 23 5 6 1 6 1 100 23 0 0 22 9 0
2 2 1 3 0 2 1 1 1
1 2 1 3 3 2 1 1 1 1 3 1 2 3 1 2 2 2 3 1 3 1 2 2 0 1 3 3 0 2 3 1 0 1 0 1 0 1 0 1 0 0 3 1 0 1 1 3 3 1 2 1 0 2 0 1 1 3 3 3 1 1 2 1 0 1 2 1 3 0 3 2 3 1 1 1 0 1 3 2 3 1 2 2 2 2 1 0 3 2 3 2 3 3 3 3 3 0 1 2
0 9 102 48 5 6 1 6 1 100 48 0 0 47 9 0
0 3 1 2 3 2 0 1 3
3 3 0 2 3 2 0 1 3 3 3 0 0 1 0 1 1 2 3 1 1 0 1 1 0 1 3 0 1 3 0 1 1 1 0 2 0 1 1 2 2 0 3 0 2 0 2 3 2 1 2 2 1 3 0 1 3 2 2 1 0 3 0 0 0 1 3 0 3 2 0 0 0 0 1 1 0 3 0 0 1 0 2 0 2 2 1 1 2 3 0 0 3 1 2 1 3 2 1 1 0 2
0 4 103 99 5 6 1 6 1 100 99 0 0 98 4 0
3 3 3 2
2 3 3 2 1 2 0 1 1 3 0 0 0 0 2 0 1 2 3 1 1 3 1 2 3 1 0 2 1 2 0 1 3 0 0 3 2 2 3 0 2 2 1 2 1 3 3 1 3 1 1 3 3 1 1 3 1 1 0 3 3 1 3 3 1 2 3 1 3 0 0 1 2 1 2 0 1 3 2 2 1 3 3 2 3 3 1 1 2 1 2 1 2 3 1 0 1 1 2 0 1 1 3
0 2 105 48 5 6 1 6 1 100 48 0 0 45 2 0
3 1
2 1 2 0 0 2 0 0 2 2 3 1 2 3 1 1 3 0 2 0 1 2 2 1 2 3 2 0 0 2 2 0 1 0 0 2 2 1 3 1 1 3 1 1 2 1 3 0 2 1 2 3 0 2 0 1 2 2 0 2 1 2 0 2 3 3 2 1 2 0 0 0 0 3 3 0 3 1 2 1 3 0 3 3 3 0 2 2 3 0 0 3 0 1 2 2 0 2 0 2 2 2 1 0 1
0 16 106 26 5 6 1 6 1 100 29 13 13 27 16 0
2 0 2 1 1 1 2 0 0 0 2 3 1 2 0 0
1 0 2 1 0 1 2 0 0 0 2 3 1 1 0 0 2 0 2 2 1 2 1 3 1 1 1 0 2 0 0 2 2 0 1 3 0 2 1 2 1 3 1 3 2 3 3 0 3 3 0 3 3 0 2 3 0 0 2 0 2 3 0 0 2 1 2 3 2 0 0 1 0 2 2 3 3 2 3 2 0 0 0 0 0 1 2 3 3 3 3 3 3 3 0 1 2 3 0 0 0 1 3 2 0 2
0 7 107 29 5 6 1 6 1 100 31 7 7 31 7 0
2 3 2 1 2 3 1
1 3 2 1 2 3 1 3 2 2 1 2 1 2 2 2 1 3 2 3 3 0 0 0 1 0 0 1 1 0 3 3 3 1 3 2 0 2 3 2 0 1 3 0 0 2 1 1 0 3 1 1 1 2 1 2 3 1 3 3 0 1 1 2 1 3 0 3 3 1 3 0 2 1 3 2 1 0 1 2 1 1 1 1 2 1 0 2 3 3 3 0 2 2 1 1 0 1 1 0 2 3 1 0 3 2 2
0 14 108 30 5 6 1 6 1 100 39 14 14 39 14 0
1 3 0 1 3 3 0 3 0 0 0 3 2 2
0 3 0 1 3 3 0 3 0 0 0 3 2 2 3 0 2 1 0 2 3 0 2 0 0 3 1 2 2 2 1 1 3 0 1 1 2 3 1 2 1 1 2 2 2 1 1 2 1 0 0 3 0 0 2 3 1 2 2 0 1 1 2 1 3 3 0 3 0 1 1 0 1 3 3 3 2 2 1 1 1 3 3 2 2 0 0 0 1 3 0 2 2 0 1 3 3 3 0 1 3 3 1 1 3 0 0 0
0 11 110 77 5 6 1 6 1 100 83 11 11 83 11 0
1 3 3 0 3 3 0 2 1 0 2
0 3 3 0 3 3 0 2 1 0 2 1 1 2 3 0 3 2 0 0 0 1 0 0 1 1 2 0 0 3 2 3 1 0 2 3 1 3 1 3 0 2 0 1 1 3 0 1 2 3 1 2 1 3 3 0 1 0 2 1 0 0 3 0 0 3 3 0 1 2 0 1 0 3 0 0 2 3 1 0 0 3 2 1 0 2 3 2 2 3 3 0 1 0 3 0 1 1 1 1 3 0 1 1 1 2 3 0 0 0
0 1 112 64 5 6 1 6 1 100 64 0 0 60 1 0
1
0 0 2 3 0 0 3 0 0 0 0 0 3 0 2 3 2 0 0 3 0 2 2 0 3 0 3 1 2 3 0 0 2 3 2 1 3 1 1 3 0 0 3 0 2 1 2 0 3 3 3 2 0 3 0 1 2 1 1 3 2 0 0 1 1 3 3 3 0 0 0 2 2 1 0 2 3 1 0 0 3 1 1 1 0 3 3 0 1 3 0 1 3 1 3 1 0 3 1 3 3 3 3 0 3 3 0 3 3 0 1 0
0 7 115 105 5 6 1 6 1 100 107 7 7 107 7 0
3 2 2 1 2 2 1
2 2 2 1 2 2 1 2 1 0 0 1 1 0 1 3 3 0 0 2 3 2 2 3 3 0 2 0 1 1 3 3 2 2 3 1 1 2 1 3 0 1 1 0 1 0 0 2 3 1 0 3 2 2 0 1 3 0 1 2 3 1 3 2 2 1 1 0 0 1 1 1 3 0 2 3 1 2 3 1 3 2 1 1 0 0 1 3 0 1 3 3 3 2 2 3 3 3 1 3 0 3 2 2 1 1 3 3 2 2 2 3 1 2 1
0 14 117 90 5 6 1 6 1 100 99 14 14 99 14 0
1 1 3 1 3 3 1 3 3 1 3 2 3 2
0 1 3 1 3 3 1 3 3 1 3 2 3 2 2 1 2 2 0 2 2 1 0 0 1 2 2 1 2 2 0 0 2 2 0 1 2 2 3 1 1 2 1 2 0 3 2 0 1 1 3 0 1 3 1 2 3 2 1 0 1 3 0 2 0 3 3 0 1 1 3 3 3 2 1 0 0 0 3 3 0 3 1 2 2 0 1 0 0 0 3 0 1 1 0 0 0 2 2 2 2 1 2 0 1 0 0 1 2 0 1 1 1 3 1 0 0
1 3 4 132 5 6 1 6 1 100 135 3 3 135 3 0
2 3 2
2 3 2 1
1 3 4 132 5 6 1 6 1 100 135 3 3 135 3 0
2 3 2
2 3 2 1
1 15 25 115 5 6 1 6 1 100 125 15 15 125 15 0
3 3 1 0 2 1 0 0 2 1 3 1 2 1 1
2 3 1 0 2 1 0 0 2 1 3 1 2 1 1 0 0 3 0 3 2 0 1 2 0
1 1 43 129 5 6 1 6 1 100 129 0 0 125 1 0
1
0 1 1 3 2 2 1 0 0 0 3 0 2 1 1 3 2 1 0 0 3 0 0 3 1 2 3 2 2 2 1 3 2 3 3 3 2 1 3 3 1 1 3
1 14 76 128 5 6 1 6 1 100 137 14 14 137 14 0
2 0 1 3 3 3 3 3 1 2 3 2 2 2
1 0 1 3 3 3 3 3 1 2 3 2 2 2 0 3 2 0 2 1 3 0 0 2 2 1 3 3 3 1 0 2 1 3 3 3 3 3 3 0 2 0 3 0 1 0 3 0 0 2 1 1 2 1 2 3 3 3 1 0 0 2 0 0 0 3 1 2 0 0 1 3 3 2 1 1
1 8 82 127 5 6 1 6 1 100 127 0 0 125 8 0
3 3 3 2 1 2 3 0
2 3 2 2 1 2 3 0 0 1 3 3 1 1 0 2 1 0 2 1 3 3 0 3 1 1 0 1 2 1 1 2 3 2 2 1 2 3 2 1 0 2 1 0 3 2 2 3 3 3 3 1 0 3 3 0 1 2 2 2 1 1 0 2 3 3 2 1 0 2 0 1 2 3 0 1 2 1 2 2 2 3
