200
0 2 3 148 5 6 1 6 1 100 148 0 0 145 2 0
1 0
0 0 3
0 3 4 147 5 6 1 6 1 100 147 0 0 145 3 0
1 1 2
0 1 2 3
0 2 126 126 5 6 1 6 1 100 126 0 0 123 2 0
0 1
3 1 0 1 0 2 2 1 0 3 3 2 3 0 3 3 2 3 3 2 2 3 0 1 2 2 1 2 2 3 2 2 3 2 2 3 1 2 1 2 3 2 0 1 2 1 2 1 3 0 3 3 0 2 2 2 3 3 0 1 2 3 2 3 3 0 1 1 3 2 2 3 1 3 3 2 1 2 0 1 2 2 0 0 1 2 0 2 0 0 2 1 2 1 0 3 3 0 1 0 0 0 2 2 3 1 2 3 0 2 1 2 2 3 2 1 1 2 2 0 1 0 2 1 1 3
0 7 132 43 5 6 1 6 1 100 45 7 7 45 7 0
1 1 1 3 3 1 3
0 1 1 3 3 1 3 1 3 3 3 0 1 1 3 3 3 0 3 3 3 3 3 1 3 3 2 0 1 3 2 3 2 2 1 2 1 3 0 2 3 3 3 3 3 3 2 2 3 3 3 3 3 2 0 1 2 3 3 0 3 2 2 2 3 2 3 1 2 1 0 1 3 0 3 0 3 1 3 0 2 1 2 3 0 0 3 3 0 2 0 0 0 3 3 3 3 2 3 1 2 1 0 0 1 3 2 3 1 3 3 1 2 2 3 0 3 3 3 3 0 3 3 1 2 3 3 2 2 1 3 3
0 8 43 31 5 6 1 6 1 100 34 8 8 34 8 0
0 3 3 0 1 0 0 0
3 3 3 0 1 0 0 0 3 0 2 1 0 2 1 1 0 3 3 1 2 2 1 3 2 2 3 0 2 3 0 1 1 1 2 1 3 3 2 1 0 2 0
0 8 59 47 5 6 1 6 1 100 50 8 8 50 8 0
2 3 3 3 3 3 0 3
1 3 3 3 3 3 0 3 2 2 1 2 2 2 3 2 1 2 1 2 3 3 2 3 3 2 0 2 1 1 2 3 0 0 1 1 2 3 2 2 1 0 2 0 3 0 2 3 1 1 3 3 1 0 2 3 3 2 2
0 5 73 47 5 6 1 6 1 100 47 0 0 47 5 0
2 1 0 2 3
0 1 0 2 3 1 2 2 0 1 2 2 1 0 1 3 2 1 1 0 2 3 0 3 2 2 1 1 0 3 3 3 1 3 0 3 1 0 1 2 1 2 1 0 2 3 2 1 1 1 2 1 3 0 3 2 1 1 0 0 3 0 2 2 1 1 2 2 3 2 3 0 1
0 6 83 55 5 6 1 6 1 100 56 6 6 56 6 0
0 3 0 3 2 3
3 3 0 3 2 3 0 3 1 2 3 2 1 3 0 0 1 3 0 0 3 3 3 0 3 3 2 2 0 0 3 3 0 3 3 2 3 3 0 1 2 2 1 3 2 1 0 0 3 0 1 0 2 1 1 2 3 0 0 0 0 0 0 0 3 0 2 3 1 3 0 3 3 3 0 2 2 2 2 0 0 1 0
0 8 87 75 5 6 1 6 1 100 78 8 8 78 8 0
2 1 2 3 3 3 3 1
1 1 2 3 3 3 3 1 0 1 2 0 1 1 2 1 2 3 3 3 0 1 3 3 0 0 3 2 1 1 2 1 1 2 0 1 2 1 0 1 1 2 1 1 2 2 0 1 0 1 1 0 2 0 1 1 2 1 1 1 0 1 1 0 0 0 0 3 2 0 2 0 1 2 2 3 3 2 2 3 2 1 1 0 2 3 0
0 8 98 32 5 6 1 6 1 100 35 8 8 35 8 0
0 0 3 1 2 1 0 0
3 0 3 1 2 1 0 0 0 2 1 2 1 3 0 2 1 2 2 3 1 1 0 3 3 0 0 1 0 1 0 1 1 0 0 1 3 1 1 2 0 0 1 0 0 0 2 3 2 3 3 2 2 2 1 2 3 2 2 0 1 2 1 3 0 1 0 2 1 2 0 0 0 2 1 1 0 0 2 2 3 1 3 2 1 0 0 1 3 3 0 3 1 1 1 1 1 2
0 4 103 99 5 6 1 6 1 100 99 0 0 98 4 0
2 1 3 3
1 1 3 3 3 3 0 3 2 0 3 0 2 2 3 3 3 2 2 3 0 1 3 3 1 2 2 1 0 0 1 3 0 0 0 0 0 3 0 1 1 0 2 3 2 0 3 0 3 3 1 1 3 3 1 3 2 3 0 2 3 3 1 2 0 3 0 0 0 1 2 2 1 3 3 3 0 1 1 1 2 0 0 2 3 3 3 0 1 0 0 0 0 2 1 0 3 2 3 0 2 2 3
0 3 110 41 5 6 1 6 1 100 41 0 0 39 3 0
1 0 0
0 0 0 1 0 0 0 1 0 0 3 0 0 1 0 2 1 2 1 0 0 0 1 2 3 0 0 3 3 1 2 1 1 3 3 2 1 2 0 1 3 2 3 1 0 2 2 2 3 1 3 3 1 0 3 0 0 0 0 2 2 1 1 2 0 0 0 0 2 0 1 3 0 2 2 0 3 3 2 1 0 0 1 0 2 2 0 1 3 0 0 1 2 2 1 2 2 0 0 1 0 0 0 3 0 0 3 0 0 1
0 2 113 20 5 6 1 6 1 100 20 0 0 17 2 0
0 2
3 2 2 0 1 0 3 2 2 3 1 3 2 0 0 1 0 1 2 3 1 3 3 3 0 2 2 0 2 2 3 1 2 2 0 1 2 2 0 0 2 0 0 2 0 1 3 0 3 0 3 0 3 0 0 3 3 3 0 3 3 1 3 3 0 3 3 1 3 0 1 0 3 1 2 1 1 3 1 0 0 1 0 0 0 0 0 1 0 1 0 0 0 3 2 3 3 3 2 3 3 0 1 1 2 0 2 0 3 2 3 2 0
0 6 114 56 5 6 1 6 1 100 57 6 6 57 6 0
3 2 1 1 3 2
2 2 1 1 3 2 0 1 1 3 3 1 3 3 1 3 0 2 0 1 0 0 0 1 0 2 0 2 0 1 2 1 2 1 0 2 2 1 3 3 0 3 0 0 1 3 3 2 0 1 2 0 1 2 2 1 1 3 3 1 1 2 2 3 1 0 0 0 3 3 3 0 3 2 2 3 2 1 0 2 1 3 0 0 0 0 1 3 1 2 3 0 2 0 1 2 3 0 3 0 0 1 1 2 1 3 3 1 3 3 3 2 2 1
0 1 117 25 5 6 1 6 1 100 25 0 0 21 1 0
2
1 3 3 3 1 3 1 2 3 1 3 0 1 3 3 2 2 1 2 3 0 0 3 0 0 1 3 3 3 2 1 2 1 2 3 1 2 1 3 0 1 1 2 2 0 1 3 2 1 0 0 0 2 3 2 0 3 0 3 3 3 1 2 2 3 0 0 1 3 0 2 3 1 1 0 0 2 1 2 1 2 2 1 3 3 1 1 2 2 3 1 2 3 3 0 0 3 1 0 1 3 3 0 2 3 1 1 2 3 3 0 1 1 1 0 1 1
0 2 127 88 5 6 1 6 1 100 88 0 0 85 2 0
1 2
0 2 1 0 3 0 1 1 2 3 3 1 0 0 0 2 3 0 0 0 1 1 2 0 1 3 0 3 0 3 3 2 2 0 3 3 3 1 3 3 0 2 3 3 1 3 2 1 3 0 2 2 1 1 0 3 2 1 2 1 0 1 3 0 0 0 0 2 0 0 0 0 2 3 2 3 0 0 3 3 0 2 0 1 1 0 2 3 3 0 3 3 2 2 0 0 1 3 3 0 3 3 0 0 1 3 1 1 1 3 0 1 3 2 2 0 2 3 0 0 0 3 3 0 2 0 2
1 7 9 128 5 6 1 6 1 100 128 0 0 125 7 0
1 0 2 0 0 0 2
0 3 2 0 0 0 2 0 0
1 1 126 134 5 6 1 6 1 100 134 0 0 130 1 0
2
1 0 3 1 0 1 1 3 3 3 2 2 1 0 0 3 2 2 0 2 3 1 1 0 3 1 0 2 1 3 3 3 3 3 2 3 2 3 3 1 3 3 3 2 2 3 2 1 2 1 3 3 1 3 2 1 3 2 3 2 2 0 1 2 1 0 2 2 0 3 1 0 3 2 0 0 0 3 0 2 0 0 0 0 3 1 0 2 0 1 1 2 0 0 3 0 1 1 0 1 1 0 2 1 0 3 1 0 0 0 0 3 1 0 0 0 2 0 1 0 3 1 2 2 2 1
1 2 127 128 5 6 1 6 1 100 128 0 0 125 2 0
3 2
2 2 0 3 0 0 0 3 1 2 2 2 3 2 0 0 3 3 0 3 1 2 1 0 0 2 2 3 1 2 2 2 1 1 3 0 1 2 2 0 2 3 0 3 1 0 3 3 2 1 1 1 3 2 2 0 0 3 0 0 3 0 2 3 1 3 0 3 3 2 0 3 3 0 3 3 2 2 1 2 2 3 2 0 0 0 1 3 2 1 0 2 2 1 2 2 1 0 0 0 2 1 2 2 3 2 0 1 2 2 0 3 3 1 0 2 3 3 3 3 2 0 3 1 0 1 3
1 2 127 143 5 6 1 6 1 100 143 0 0 140 2 0
1 0
0 0 0 2 3 3 2 1 3 2 1 0 3 3 3 2 0 0 2 2 0 1 2 0 2 0 1 0 3 3 2 1 2 0 1 0 3 3 3 2 0 3 1 3 3 2 1 1 2 3 0 0 3 2 1 2 0 0 1 3 1 3 1 1 1 0 0 2 2 1 3 3 0 0 0 2 2 0 0 3 3 3 1 0 2 1 3 0 0 1 1 3 0 1 2 1 0 0 0 1 0 0 1 3 3 0 3 3 0 0 3 0 2 1 0 0 3 2 0 3 2 0 0 1 0 0 0
1 3 128 132 5 6 1 6 1 100 132 0 0 130 3 0
2 3 1
1 3 1 1 2 2 2 3 0 3 0 3 2 2 1 2 1 2 3 2 1 2 2 1 2 3 3 3 2 3 2 0 3 2 2 0 1 1 2 3 1 3 2 0 3 2 1 0 2 2 1 2 1 3 2 2 2 1 3 3 2 1 1 2 2 2 2 0 0 0 3 1 1 3 3 3 2 3 2 1 1 2 1 3 2 0 3 1 2 3 1 2 2 3 3 3 1 2 2 3 3 2 3 0 0 1 2 3 0 1 1 2 3 1 2 2 3 0 0 3 2 2 2 3 2 1 0 1
1 3 128 147 5 6 1 6 1 100 147 0 0 145 3 0
2 0 1
1 0 1 2 0 3 0 0 0 2 0 1 2 0 3 1 0 2 2 1 2 0 0 2 0 0 2 2 3 2 1 0 2 2 0 2 1 0 3 1 3 2 0 0 1 0 0 0 0 1 1 2 2 3 0 3 0 1 1 2 2 0 3 2 1 1 2 0 3 0 0 0 2 3 2 0 0 3 0 3 3 1 0 0 0 3 3 2 1 1 2 0 1 2 2 1 0 0 0 2 1 2 0 1 2 2 3 1 0 1 3 2 2 3 2 0 1 2 2 1 1 3 2 0 2 3 1 0
1 4 129 146 5 6 1 6 1 100 146 0 0 145 4 0
3 2 1 2
2 2 1 2 2 1 0 0 0 2 3 1 0 2 0 0 0 2 1 3 3 0 3 3 2 0 2 1 0 3 1 1 1 1 2 2 1 0 3 0 3 1 2 1 2 2 0 3 3 0 0 2 3 0 2 0 3 2 1 1 1 3 2 3 3 2 1 1 0 2 2 1 2 0 3 0 2 2 1 0 2 3 0 1 1 0 1 2 0 0 1 2 1 1 0 3 1 0 2 3 0 2 1 0 0 3 0 3 0 1 1 2 0 1 2 0 0 0 0 1 1 0 1 1 0 0 3 0 1
1 4 129 146 5 6 1 6 1 100 146 0 0 145 4 0
3 1 2 1
2 1 2 1 0 3 3 1 3 2 2 1 2 1 0 3 2 0 3 1 1 2 2 3 0 0 0 1 0 1 2 3 3 3 2 2 1 0 3 3 2 0 3 1 2 1 0 2 2 1 0 3 0 1 1 0 3 1 0 0 2 3 3 1 3 2 1 1 3 2 3 1 3 2 1 2 0 0 2 1 0 2 1 2 1 1 1 0 3 0 1 1 1 2 0 1 2 0 3 0 0 1 1 0 3 0 1 2 3 3 2 2 1 0 2 1 3 1 3 1 1 2 0 3 0 0 1 0 3
1 5 130 135 5 6 1 6 1 100 135 0 0 135 5 0
2 1 3 2 1
1 1 3 2 1 3 2 1 2 3 2 0 0 0 3 1 0 1 3 1 1 2 3 3 1 0 2 1 1 3 2 2 2 3 2 1 2 3 3 2 0 3 3 2 1 2 1 3 2 3 0 3 2 0 2 1 0 1 0 0 0 0 3 1 3 3 3 0 1 3 1 0 2 2 2 1 2 3 2 0 3 1 1 3 2 0 0 1 0 3 1 3 3 1 0 1 1 3 3 1 2 0 1 1 0 2 3 2 2 2 2 1 2 3 2 2 0 0 1 3 2 2 2 3 0 0 0 1 0 2
1 7 132 113 5 6 1 6 1 100 113 0 0 110 7 0
2 0 3 2 2 2 0
1 0 3 1 2 2 0 2 3 3 0 1 3 1 3 3 0 0 0 2 0 3 1 2 3 1 0 0 1 2 3 0 0 1 1 2 0 2 0 1 3 2 1 2 1 0 2 3 2 1 2 1 2 3 3 1 2 3 1 2 3 1 2 2 1 1 1 0 0 1 1 2 2 0 3 3 3 1 0 1 3 3 3 3 0 1 1 1 0 1 0 2 3 3 1 0 0 2 2 3 2 0 0 1 0 2 2 1 2 1 3 3 1 2 0 0 1 0 3 3 3 1 1 3 2 1 0 3 2 3 1 3
1 7 132 138 5 6 1 6 1 100 140 7 7 140 7 0
2 0 3 1 0 1 2
1 0 3 1 0 1 2 2 3 3 3 3 2 0 0 2 1 1 3 2 2 2 0 2 0 0 1 2 1 1 3 3 3 3 3 1 0 3 3 3 1 3 1 1 1 1 0 2 0 3 0 2 2 1 0 0 3 2 2 3 1 0 2 0 3 0 0 3 0 1 2 1 2 2 3 0 2 2 0 3 3 3 3 3 1 0 2 3 2 3 1 0 2 3 3 2 2 3 3 2 1 1 1 3 2 1 3 2 2 1 3 2 0 1 1 3 2 3 0 0 1 3 2 1 0 2 3 3 1 2 0 1
1 6 7 68 5 6 1 6 1 100 69 6 6 69 6 0
1 3 2 1 2 2
0 3 2 1 2 2 1
1 8 100 117 5 6 1 6 1 100 117 0 0 115 8 0
3 1 1 0 0 1 1 2
2 1 1 0 3 1 1 2 2 1 2 2 2 2 0 0 3 1 0 2 3 3 3 2 3 2 2 0 0 3 0 1 3 3 3 2 2 3 2 0 2 2 1 2 1 3 2 3 3 1 1 2 3 2 1 1 2 0 1 3 3 2 3 2 1 0 0 1 2 1 1 2 0 1 2 3 0 2 1 2 0 3 2 2 2 1 2 0 3 1 3 2 1 3 2 0 3 3 1 0
0 8 11 142 5 6 1 6 1 100 145 8 8 145 8 0
1 3 2 0 2 1 3 0
0 3 2 0 2 1 3 0 3 3 0
0 8 129 66 5 6 1 6 1 100 68 7 7 64 8 0
0 1 3 0 3 1 2 0
3 1 3 0 3 1 2 3 1 2 0 1 2 1 2 2 1 2 2 1 3 2 2 1 1 1 2 2 1 3 1 2 2 2 2 0 2 3 2 0 1 3 2 3 2 2 1 2 1 3 3 0 2 3 3 0 2 2 0 3 2 2 3 0 2 1 0 1 2 0 2 2 3 2 3 1 1 3 2 1 3 0 2 1 2 0 3 0 2 3 1 2 2 2 0 3 0 1 3 1 2 1 0 0 1 2 0 0 0 0 0 1 0 2 1 0 1 0 2 3 0 1 2 0 2 1 2 0 1
0 1 2 79 5 6 1 6 1 100 79 0 0 75 1 0
3
2 2
0 2 24 24 5 6 1 6 1 100 24 0 0 21 2 0
2 2
1 2 0 1 0 3 0 2 0 2 0 0 2 0 0 0 2 1 2 3 1 3 1 0
0 3 39 37 5 6 1 6 1 100 37 0 0 35 3 0
3 1 2
2 1 2 2 1 3 0 2 0 1 2 1 3 3 3 1 3 0 0 1 3 0 1 1 0 3 0 0 2 2 3 1 2 3 2 0 1 2 0
0 5 63 33 5 6 1 6 1 100 33 0 0 33 5 0
0 3 0 1 2
3 3 0 1 2 1 1 0 0 0 3 2 2 1 0 2 3 2 1 2 3 0 1 3 2 2 1 2 2 3 2 0 1 3 3 2 3 1 0 0 0 1 2 0 1 0 3 2 2 1 0 3 3 0 2 3 3 3 3 2 2 3 3
0 8 66 54 5 6 1 6 1 100 57 8 8 57 8 0
1 3 3 0 2 3 1 2
0 3 3 0 2 3 1 2 0 1 3 0 1 2 1 1 0 3 0 0 1 2 0 1 3 0 3 3 0 0 2 2 2 2 1 1 3 2 0 1 3 3 0 1 2 1 0 0 2 3 3 3 0 0 1 0 0 0 1 1 1 3 3 1 3 0
0 5 74 27 5 6 1 6 1 100 27 0 0 27 5 0
1 2 3 0 1
0 2 3 0 1 2 3 1 2 3 2 1 0 2 2 3 2 3 2 3 1 0 1 3 3 1 2 0 3 0 0 2 1 2 1 3 2 1 2 0 2 3 3 2 1 3 3 3 3 3 3 3 2 2 0 3 3 3 1 0 0 2 2 1 1 0 3 2 3 0 1 2 0 1
0 7 78 67 5 6 1 6 1 100 69 7 7 69 7 0
1 1 0 1 1 2 3
0 1 0 1 1 2 3 2 0 1 1 2 1 2 3 3 2 1 2 0 0 2 2 2 1 2 3 1 1 2 1 2 1 0 3 0 0 3 2 1 2 0 2 1 3 0 2 2 0 3 3 2 1 1 0 1 2 2 0 1 1 0 2 1 2 0 1 3 3 2 1 3 3 1 2 1 3 0
0 5 94 38 5 6 1 6 1 100 38 0 0 38 5 0
1 0 2 3 1
0 0 2 3 1 1 2 1 1 1 0 1 3 1 3 3 1 3 2 1 2 1 2 1 1 2 0 0 0 3 1 2 1 1 2 1 2 3 1 1 2 0 0 2 3 2 1 2 1 1 3 3 2 1 2 2 1 1 0 3 0 2 1 3 1 2 3 1 2 1 1 2 0 1 2 3 0 2 3 2 2 3 2 0 0 2 2 3 1 0 1 2 0 1
0 3 98 61 5 6 1 6 1 100 61 0 0 54 3 0
0 2 2
3 2 1 0 3 3 3 1 0 3 2 2 1 1 0 3 3 0 1 3 0 0 2 3 2 2 1 2 1 2 3 3 0 0 2 0 1 1 1 1 0 2 1 3 0 1 1 3 3 2 1 0 0 0 2 3 0 2 1 1 0 3 0 2 2 0 1 3 2 2 1 3 3 1 3 1 0 0 2 1 2 0 1 1 0 0 0 2 0 0 2 2 2 1 3 2 2 0
0 5 100 45 5 6 1 6 1 100 45 0 0 45 5 0
2 2 0 3 2
1 2 0 3 2 2 1 2 2 2 3 1 0 0 1 2 3 3 2 1 2 0 3 2 2 1 1 3 0 1 0 0 2 0 0 2 0 0 2 3 2 0 1 0 3 2 1 2 2 3 1 3 0 3 3 0 2 3 2 2 0 0 0 3 2 2 1 0 1 3 3 0 3 3 0 2 1 2 2 2 2 0 1 0 1 1 0 2 3 2 2 3 0 0 0 2 1 1 0 3
0 2 104 104 5 6 1 6 1 100 104 0 0 101 2 0
0 0
3 0 1 3 3 0 2 3 3 2 3 1 1 2 2 3 3 1 2 1 1 3 1 2 3 2 2 3 3 2 3 1 2 1 3 1 1 1 2 3 2 2 1 0 3 3 3 0 2 1 2 2 3 0 0 2 2 1 0 0 2 2 3 0 1 3 2 3 0 2 3 2 0 0 0 1 2 2 3 1 3 1 0 1 0 0 0 0 1 1 2 2 2 0 3 2 1 3 0 1 2 2 0 3
0 4 110 33 5 6 1 6 1 100 33 0 0 32 4 0
0 3 1 3
3 3 1 3 0 0 0 0 2 3 2 2 1 2 0 0 2 3 2 2 3 2 0 1 1 3 1 2 2 1 1 3 3 1 1 0 3 2 1 2 2 3 3 2 3 1 2 2 1 2 1 3 2 0 0 2 2 0 1 0 3 2 1 2 2 3 1 1 3 0 1 2 0 1 2 3 0 1 3 2 1 3 2 3 0 2 0 0 2 3 3 0 2 0 2 1 0 0 1 1 1 3 0 3 1 3 2 1 0 0
0 5 110 87 5 6 1 6 1 100 87 0 0 87 5 0
2 2 3 1 0
1 2 3 1 0 1 2 1 3 2 1 2 0 1 1 3 1 3 3 0 1 0 2 3 1 2 0 3 3 1 2 3 2 3 3 0 2 0 2 2 3 1 2 0 2 1 2 1 2 3 1 0 0 2 3 2 1 2 2 3 1 3 3 1 2 1 0 0 2 1 1 2 3 3 2 1 1 1 3 0 0 2 3 0 1 2 1 1 1 0 3 0 0 2 3 0 2 2 1 1 0 3 0 1 2 3 0 3 1 1
0 6 115 36 5 6 1 6 1 100 37 6 6 37 6 0
1 3 2 1 0 2
0 3 2 1 0 2 0 2 1 0 3 1 1 2 2 0 1 3 0 3 3 1 2 1 2 3 1 2 1 2 3 0 2 3 1 1 2 1 0 3 3 3 1 2 3 0 2 0 0 3 2 0 0 3 1 0 3 1 2 0 1 2 0 1 1 2 1 2 0 2 0 0 3 2 2 1 0 2 1 2 2 1 0 1 3 2 2 2 3 1 2 1 2 0 0 0 2 3 1 2 3 1 1 2 0 0 1 2 2 3 1 2 3 1 1
0 8 116 37 5 6 1 6 1 100 37 0 0 35 8 0
1 3 2 0 1 0 0 3
0 3 2 3 1 0 0 3 2 3 1 3 0 0 0 3 2 0 0 0 2 0 0 0 1 2 3 3 0 0 1 3 0 3 0 2 3 2 3 0 1 1 3 1 0 1 1 1 2 3 3 0 1 3 3 2 1 3 3 2 3 0 2 3 0 2 3 3 2 2 0 0 0 0 1 3 3 1 3 1 3 0 3 3 3 3 2 0 1 3 0 0 3 3 0 1 2 3 3 3 2 1 1 3 1 2 3 1 3 3 2 3 3 0 1 1
0 8 117 33 5 6 1 6 1 100 36 8 8 36 8 0
3 1 2 3 3 3 1 3
2 1 2 3 3 3 1 3 3 1 1 0 1 0 2 3 3 2 1 0 2 2 1 2 3 1 3 1 2 3 2 3 1 1 3 1 3 1 2 1 0 1 3 2 1 3 2 2 1 3 3 1 3 1 0 0 0 0 2 3 0 2 3 2 2 1 0 1 3 1 0 1 2 2 3 1 2 2 3 1 3 3 0 2 3 3 3 2 2 3 2 0 0 0 2 1 2 1 1 2 0 1 1 2 0 1 2 3 1 1 1 1 2 3 1 1 3
0 6 121 45 5 6 1 6 1 100 45 0 0 43 8 0
1 1 0 1 2 2
3 3 1 1 0 1 2 2 1 1 3 0 1 3 0 1 0 1 3 3 0 2 3 0 2 2 1 1 2 3 2 0 1 1 3 0 0 3 0 0 3 2 0 1 1 2 1 3 0 0 1 0 2 3 0 0 2 1 2 2 0 1 3 2 1 2 3 3 0 3 3 2 3 2 1 2 1 1 2 0 0 0 2 3 2 0 2 0 1 3 3 3 3 2 1 2 0 1 0 1 2 1 0 3 3 0 2 1 2 2 1 3 3 2 2 3 1 0 1 2 0
0 3 126 51 5 6 1 6 1 100 51 0 0 49 3 0
2 0 0
1 0 0 2 2 1 3 2 1 3 2 2 0 1 3 0 0 2 0 0 0 0 1 2 3 1 2 1 1 2 1 2 3 0 1 2 3 3 0 0 2 3 2 0 1 2 0 1 0 0 2 3 1 2 3 2 3 0 3 1 2 0 1 1 2 0 0 0 2 3 1 3 0 2 0 0 0 2 3 0 1 2 1 3 2 2 3 2 1 2 1 1 3 3 0 1 1 0 2 3 1 1 0 3 2 3 2 1 0 2 0 0 0 3 0 2 3 3 2 2 2 2 0 3 3 2
1 5 6 130 5 6 1 6 1 100 130 0 0 130 5 0
1 2 2 0 0
0 2 2 0 0 3
1 7 72 142 5 6 1 6 1 100 144 7 7 144 7 0
0 1 2 3 3 3 2
3 1 2 3 3 3 2 1 3 2 0 0 0 3 0 0 3 1 3 2 1 0 3 3 3 3 2 3 1 2 3 3 3 0 3 3 1 1 2 0 1 0 1 0 0 1 3 2 2 1 3 3 3 3 3 3 3 1 0 1 0 1 3 3 3 3 2 1 2 2 1 3
1 1 126 144 5 6 1 6 1 100 144 0 0 140 1 0
0
3 1 3 1 0 1 1 3 2 2 3 0 1 3 3 1 2 2 1 2 0 0 2 0 0 1 3 2 0 0 2 0 0 0 0 3 2 2 2 1 0 3 2 0 0 3 0 3 1 0 3 3 0 0 3 2 0 1 2 0 1 0 3 1 0 1 1 2 2 2 1 2 0 2 3 0 1 0 3 0 0 2 2 0 1 1 2 3 0 0 0 1 3 3 1 3 1 0 1 1 2 2 1 2 0 1 0 2 3 1 1 3 3 3 3 2 1 0 2 1 2 0 0 3 2 1
1 2 127 138 5 6 1 6 1 100 138 0 0 135 2 0
3 1
2 1 2 1 1 3 2 2 3 3 2 0 2 0 3 0 2 1 1 2 0 0 0 3 0 0 2 1 1 3 2 3 0 0 0 1 2 1 3 2 3 1 1 0 1 2 1 3 2 2 1 3 3 3 1 3 3 1 0 1 1 2 1 3 2 0 2 0 0 3 1 0 2 1 3 2 0 0 3 0 1 1 2 2 3 0 3 2 1 3 1 2 1 1 1 3 2 0 1 2 2 0 0 3 2 1 2 2 1 0 3 1 1 0 2 3 3 2 3 2 1 2 2 1 2 0 2
1 3 128 147 5 6 1 6 1 100 147 0 0 145 3 0
3 1 1
2 1 1 0 0 0 0 2 1 2 0 3 2 3 3 0 0 3 1 1 0 2 1 1 0 3 3 0 0 3 1 1 2 1 0 2 1 2 1 1 0 2 0 2 2 0 3 3 0 3 3 3 3 3 3 2 1 3 2 1 1 0 2 1 0 0 0 2 1 2 3 0 0 3 2 1 2 1 1 0 3 1 0 2 1 0 3 3 2 1 1 0 2 0 2 0 3 2 1 0 0 0 2 1 0 2 2 0 0 0 2 0 0 3 0 3 0 2 2 3 2 2 2 1 0 0 3 3
1 6 131 109 5 6 1 6 1 100 110 6 6 110 6 0
2 2 0 1 1 0
1 2 0 1 1 0 3 1 2 1 2 2 1 1 3 2 1 1 2 1 3 2 2 1 2 1 3 3 2 3 1 0 2 1 0 1 2 2 0 0 2 2 2 2 1 0 0 1 0 2 0 0 3 2 2 3 2 1 2 1 0 2 0 0 3 0 1 2 0 3 2 0 0 3 2 2 2 2 1 0 0 1 1 3 2 1 3 2 0 0 3 2 0 0 2 0 2 0 0 1 1 1 2 1 0 3 1 0 2 1 3 2 1 0 2 1 0 2 1 3 3 0 3 1 1 2 1 1 3 2 1
1 6 131 139 5 6 1 6 1 100 140 6 6 140 6 0
3 3 1 2 0 3
2 3 1 2 0 3 3 2 3 0 3 3 2 2 3 2 2 3 3 3 3 1 2 3 1 2 2 3 0 3 0 3 3 2 1 3 0 1 3 2 0 3 2 2 1 2 3 3 1 2 3 2 2 3 0 1 3 2 1 1 3 0 3 1 2 1 1 3 2 2 1 0 0 1 0 2 2 2 1 0 3 1 3 0 1 3 3 0 0 3 1 1 2 1 2 0 3 0 3 2 1 1 2 2 2 2 0 3 2 1 3 1 0 0 3 0 0 2 1 3 3 3 1 3 2 0 1 3 3 3 2
1 8 133 122 5 6 1 6 1 100 125 8 8 125 8 0
3 1 0 1 2 1 0 0
2 1 0 1 2 1 0 0 3 3 0 0 0 3 3 0 0 3 3 3 1 1 2 0 0 1 1 3 2 2 0 3 2 3 3 1 2 3 3 0 3 0 0 0 0 0 1 1 0 3 3 0 0 3 0 0 0 3 2 0 1 3 2 2 0 3 3 2 3 3 0 1 3 2 1 0 3 3 1 2 1 0 2 2 1 0 0 0 0 1 1 3 2 0 1 0 3 0 0 1 1 0 2 0 2 0 0 3 0 1 3 2 2 3 2 0 0 2 3 1 2 2 2 3 3 3 3 3 3 3 2 3 3
1 8 134 114 5 6 1 6 1 100 117 8 8 117 8 0
1 2 0 1 2 1 2 3
0 2 0 1 2 1 2 3 3 3 3 3 2 2 1 0 3 0 2 0 3 3 2 0 3 0 2 1 0 2 2 2 2 0 3 3 3 3 1 3 3 1 3 3 0 0 3 3 3 3 0 3 0 2 2 2 3 2 2 3 3 1 3 0 3 2 3 3 0 3 0 3 0 3 0 2 0 3 0 0 2 2 1 0 0 1 0 0 3 3 3 3 2 0 0 2 3 3 3 2 0 3 1 3 2 2 0 2 0 3 2 1 3 3 0 0 0 0 0 0 1 0 3 1 2 1 0 2 0 2 1 0 0 3
0 2 3 137 5 6 1 6 1 100 137 0 0 134 2 0
0 2
3 2 1
0 6 7 144 5 6 1 6 1 100 145 6 6 145 6 0
0 1 3 2 3 1
3 1 3 2 3 1 1
0 4 27 23 5 6 1 6 1 100 23 0 0 22 4 0
3 2 1 3
2 2 1 3 2 1 2 2 1 0 0 1 1 0 3 2 2 2 3 1 0 3 2 2 1 2 2
0 2 78 73 5 6 1 6 1 100 73 0 0 70 2 0
0 3
3 3 2 2 1 2 2 0 1 2 1 0 1 2 1 2 0 0 0 3 2 1 2 2 2 3 1 0 3 3 0 0 2 2 1 3 0 0 3 3 2 1 2 0 0 1 2 3 2 2 2 0 2 2 1 0 3 0 0 3 2 2 1 2 1 1 2 0 1 2 0 1 1 2 3 2 1 1
0 4 83 35 5 6 1 6 1 100 35 0 0 34 4 0
3 3 3 0
2 3 3 0 1 2 2 0 1 3 0 1 2 1 3 2 1 2 0 0 1 0 2 1 2 1 0 2 0 0 3 0 2 3 0 1 2 2 0 3 2 3 3 1 0 2 0 1 0 1 2 2 1 3 3 2 2 1 0 3 1 1 2 2 1 1 3 0 3 3 1 1 2 1 0 0 2 3 2 1 2 2 1
0 6 84 76 5 6 1 6 1 100 77 6 6 77 6 0
3 3 1 0 2 3
2 3 1 0 2 3 1 2 1 2 2 1 0 2 3 1 1 2 0 1 1 3 1 1 2 1 0 1 3 3 0 0 3 3 2 0 1 2 3 3 2 2 1 2 0 2 2 0 1 2 3 3 2 2 3 1 2 2 1 2 2 1 3 0 0 0 2 2 1 2 3 0 2 2 1 2 3 0 3 3 2 2 3 2
0 8 101 80 5 6 1 6 1 100 83 8 8 83 8 0
1 0 3 0 0 1 3 0
0 0 3 0 0 1 3 0 1 3 0 2 2 2 2 1 2 1 2 3 0 2 0 1 0 0 0 3 0 0 0 0 0 2 1 2 1 1 3 3 0 1 1 2 3 3 3 3 2 3 3 3 0 2 1 2 2 3 1 3 2 0 1 1 2 3 1 3 3 2 3 3 3 1 2 3 2 3 1 3 0 0 3 3 0 2 1 3 2 3 3 3 3 2 2 0 1 2 1 0 0
0 7 103 59 5 6 1 6 1 100 61 7 7 61 7 0
3 3 0 0 1 2 0
2 3 0 0 1 2 0 1 1 2 1 1 0 3 1 3 1 3 1 2 1 2 0 0 0 2 1 2 2 3 1 2 1 3 1 2 2 0 0 0 1 1 2 1 1 3 1 0 0 0 3 1 2 0 2 1 1 2 2 0 1 0 3 3 3 1 1 0 1 2 3 1 1 3 0 2 3 3 0 2 0 1 3 0 3 2 3 1 2 1 3 3 0 2 1 2 2 2 0 1 1 0 0
0 3 107 22 5 6 1 6 1 100 22 0 0 20 3 0
0 0 0
3 0 0 2 2 0 0 3 2 0 0 0 0 1 2 0 1 1 2 3 0 2 2 1 1 2 1 2 0 1 1 1 3 3 1 0 1 0 2 1 1 0 1 2 0 0 1 2 2 1 2 2 3 1 0 1 0 1 2 1 1 0 1 3 3 1 2 3 3 0 3 2 2 3 3 3 3 2 1 2 1 1 3 3 1 3 2 3 2 1 2 1 0 1 1 0 2 1 2 2 0 1 1 0 1 3 0
0 7 121 22 5 6 1 6 1 100 24 7 7 24 7 0
3 3 3 3 3 2 2
2 3 3 3 3 2 2 3 1 1 0 3 3 1 1 2 0 1 3 2 3 2 3 1 2 0 0 2 3 2 1 2 3 1 0 1 1 1 2 1 2 3 1 1 3 3 3 3 1 0 0 1 2 2 2 0 0 1 2 3 3 3 1 0 3 0 0 3 2 2 3 0 0 3 1 2 3 1 1 0 1 2 3 2 2 3 0 3 2 3 1 1 0 3 1 0 3 2 2 2 2 3 2 2 3 2 1 1 3 1 3 3 0 0 0 2 3 2 0 0 2
0 7 121 97 5 6 1 6 1 100 99 7 7 99 7 0
1 3 3 0 1 0 0
0 3 3 0 1 0 0 2 2 2 0 1 2 1 2 2 3 1 2 1 2 1 3 2 2 3 1 3 3 3 3 1 2 3 0 3 0 0 2 2 3 0 2 1 2 0 3 2 1 2 2 0 0 2 1 0 3 2 1 3 0 0 0 3 3 3 1 2 1 3 2 2 3 1 3 0 0 0 3 2 2 1 2 2 3 0 1 1 2 2 0 1 3 1 0 2 2 3 0 1 0 2 1 1 0 3 2 3 1 3 1 2 3 3 0 3 3 3 3 1 3
1 2 59 134 5 6 1 6 1 100 134 0 0 131 2 0
0 3
3 3 3 0 0 0 3 1 0 1 0 3 3 0 3 1 3 3 2 1 0 0 0 2 2 2 0 3 3 2 2 3 3 0 3 2 0 0 1 0 1 0 1 3 0 1 2 3 3 0 3 3 3 3 2 0 3 3 3
1 6 66 129 5 6 1 6 1 100 130 6 6 130 6 0
2 1 2 3 3 2
1 1 2 3 3 2 1 2 2 1 2 0 3 3 3 0 2 3 2 1 3 0 3 3 3 3 1 2 0 2 1 0 0 0 3 3 0 1 0 1 0 1 2 2 0 2 2 3 0 0 0 1 0 1 3 0 0 3 2 3 3 3 0 1 3 3
1 6 81 129 5 6 1 6 1 100 130 6 6 130 6 0
2 3 2 0 1 1
1 3 2 0 1 1 0 1 1 2 2 3 2 0 0 1 3 1 0 2 1 1 1 1 1 0 1 1 0 3 2 1 1 1 0 1 3 2 1 2 3 3 0 1 1 1 3 2 3 0 1 1 0 1 0 0 1 2 0 3 3 3 0 0 1 1 3 2 1 2 0 0 2 1 1 2 0 1 0 1 1
1 5 91 135 5 6 1 6 1 100 135 0 0 130 5 0
3 2 3 2 0
2 2 3 1 0 1 1 0 1 1 2 1 2 2 1 1 0 0 1 2 0 2 1 0 3 2 0 1 1 3 1 0 0 3 1 0 2 1 3 2 2 2 3 0 0 3 1 3 2 1 3 2 1 0 3 2 2 0 2 0 2 2 0 2 1 0 0 3 3 3 2 3 1 3 1 0 2 1 1 2 0 3 2 1 1 2 2 1 3 0 1
1 5 91 135 5 6 1 6 1 100 135 0 0 130 5 0
3 2 3 2 0
2 2 3 1 0 1 1 0 1 1 2 1 2 2 1 1 0 0 1 2 0 2 1 0 3 2 0 1 1 3 1 0 0 3 1 0 2 1 3 2 2 2 3 0 0 3 1 3 2 1 3 2 1 0 3 2 2 0 2 0 2 2 0 2 1 0 0 3 3 3 2 3 1 3 1 0 2 1 1 2 0 3 2 1 1 2 2 1 3 0 1
1 2 127 138 5 6 1 6 1 100 138 0 0 135 2 0
1 3
0 3 3 1 2 0 0 2 0 3 2 3 3 3 0 1 1 2 3 2 2 0 0 0 0 2 2 2 3 0 0 0 0 3 0 0 1 2 2 0 3 3 0 0 1 1 1 0 0 2 3 0 3 0 0 0 3 2 0 2 1 2 0 2 0 0 0 1 2 3 3 2 0 3 2 3 1 2 0 0 3 3 1 3 3 0 3 2 0 1 3 1 1 3 1 1 0 2 3 0 3 1 0 0 0 2 3 1 1 3 2 0 0 0 2 2 2 1 3 2 2 0 3 2 1 2 2
1 3 128 127 5 6 1 6 1 100 127 0 0 125 3 0
2 3 2
1 3 2 1 1 3 2 3 2 3 1 3 3 1 1 2 1 0 2 3 2 2 3 0 3 3 2 0 0 0 3 1 2 3 1 0 3 2 3 2 1 2 2 3 3 3 2 2 0 3 2 3 1 0 1 1 0 0 3 1 0 2 2 1 0 0 3 0 3 3 0 0 1 3 1 1 3 2 0 1 3 0 3 1 3 1 3 1 3 0 1 0 1 3 2 1 1 2 1 0 2 3 3 0 0 0 1 1 2 3 0 1 1 2 2 2 0 0 0 0 3 2 1 3 3 1 0 1
1 4 129 126 5 6 1 6 1 100 126 0 0 125 4 0
1 0 3 3
0 0 3 3 0 1 3 3 0 0 1 1 2 1 1 0 2 1 0 2 2 0 2 3 3 2 0 2 3 0 3 3 3 1 2 0 0 0 3 1 1 0 2 3 2 1 1 0 3 3 2 2 3 0 0 1 2 3 2 1 2 2 0 3 3 0 3 1 2 0 1 1 1 2 2 1 0 2 3 1 0 1 3 1 0 2 1 1 2 1 0 2 1 1 0 2 3 2 0 0 0 1 1 2 0 0 0 0 0 0 2 1 2 3 3 2 0 0 1 2 3 2 2 3 2 1 3 3 2
1 4 129 141 5 6 1 6 1 100 141 0 0 140 4 0
0 0 0 1
3 0 0 1 1 0 0 3 3 2 0 1 1 3 1 3 1 1 2 2 1 0 0 2 3 2 0 1 2 0 0 3 3 3 2 0 1 1 3 1 2 3 0 1 2 2 2 1 1 3 2 2 1 0 0 1 0 0 1 3 2 0 0 3 2 1 2 1 0 0 1 0 3 2 2 3 2 3 2 2 1 2 1 3 2 0 0 3 0 3 1 3 2 1 2 3 0 2 1 2 2 1 0 2 1 0 3 3 0 1 2 1 1 2 3 2 2 1 2 3 3 2 3 3 2 0 3 2 0
1 5 130 140 5 6 1 6 1 100 140 0 0 140 5 0
2 3 3 1 0
1 3 3 1 0 2 1 2 3 0 2 0 3 0 0 3 2 0 0 0 2 2 1 0 1 2 0 1 1 2 0 2 1 1 0 0 0 2 2 1 2 0 3 3 0 2 1 0 3 3 2 3 1 2 1 1 0 2 0 3 0 2 0 1 1 3 3 1 1 0 2 3 2 3 3 1 0 2 1 1 2 1 1 2 2 2 0 0 1 1 1 3 2 1 0 3 1 0 2 1 1 0 2 3 3 2 3 1 1 2 2 2 1 0 2 2 2 1 0 0 1 0 0 0 1 2 3 1 2 0
1 6 131 134 5 6 1 6 1 100 135 6 6 135 6 0
3 3 3 2 1 1
2 3 3 2 1 1 0 3 3 2 1 2 2 0 1 3 1 0 0 0 3 0 3 3 3 3 1 1 1 3 2 3 2 3 0 3 2 0 3 3 1 0 0 1 2 1 3 2 3 1 0 3 1 3 3 1 0 3 3 2 0 1 0 3 3 2 1 2 0 3 3 0 0 1 0 3 0 2 2 2 0 2 3 2 1 1 0 3 3 1 2 1 1 0 2 0 1 3 1 3 2 3 2 1 1 0 2 0 3 2 0 0 2 3 3 3 0 0 0 0 3 1 0 2 2 0 0 0 0 1 1
1 8 133 132 5 6 1 6 1 100 135 8 8 135 8 0
1 2 0 3 1 0 2 0
0 2 0 3 1 0 2 0 0 0 0 2 0 3 1 3 2 1 1 0 1 2 3 0 0 3 3 2 1 3 1 2 2 2 2 0 0 0 0 3 0 0 3 3 0 2 0 0 0 2 0 0 3 1 3 2 0 0 0 3 0 0 0 3 2 0 0 0 1 0 2 1 0 2 2 2 0 0 1 3 0 1 1 1 3 2 1 1 0 2 1 3 0 0 3 0 0 3 1 0 1 0 1 3 1 3 0 0 0 0 1 0 0 3 0 3 2 1 0 3 3 3 3 3 3 2 1 0 2 2 2 0 3
1 8 133 142 5 6 1 6 1 100 145 8 8 145 8 0
0 1 3 3 1 2 3 0
3 1 3 3 1 2 3 0 2 3 2 2 3 1 0 2 1 0 0 1 2 3 1 0 1 1 1 0 2 3 3 1 2 2 3 1 2 2 2 1 0 3 0 1 2 0 0 0 2 3 0 0 0 2 3 1 0 2 1 1 2 2 2 3 0 2 0 0 2 0 0 2 0 0 2 0 1 2 1 3 1 1 0 2 1 2 2 1 1 3 3 1 2 2 3 0 3 1 3 3 3 3 3 1 2 2 3 2 0 3 3 3 1 2 0 3 2 0 0 3 3 1 2 1 1 2 3 3 3 3 3 2 0
1 3 68 112 5 6 1 6 1 100 112 0 0 110 3 0
2 1 3
1 1 3 2 0 1 0 3 3 0 3 3 0 0 1 2 3 1 0 0 1 2 1 0 3 3 1 0 2 2 0 0 0 3 0 3 3 3 1 0 1 2 1 3 3 3 0 0 1 0 0 3 1 1 2 2 1 0 3 0 3 2 0 1 0 0 0 2
0 1 2 134 5 6 1 6 1 100 134 0 0 130 1 0
2
1 2
0 2 28 28 5 6 1 6 1 100 28 0 0 25 2 0
0 2
3 2 1 3 3 1 3 3 1 0 2 3 3 0 1 0 0 1 3 3 3 0 3 3 1 0 3 0
0 2 40 31 5 6 1 6 1 100 31 0 0 28 2 0
1 2
0 2 0 2 2 1 3 1 3 2 1 2 0 1 2 0 1 2 1 0 3 0 2 0 2 2 3 2 2 1 1 0 3 0 0 1 3 3 1 3
0 4 78 49 5 6 1 6 1 100 49 0 0 48 4 0
1 3 2 0
0 3 2 0 0 0 1 3 3 0 3 0 3 0 3 0 2 1 2 0 1 1 2 3 2 3 2 2 1 1 1 1 3 3 3 2 0 0 3 3 2 3 3 3 3 0 2 1 2 3 0 1 1 1 2 3 3 1 1 3 0 3 3 3 2 2 0 1 1 2 1 2 3 3 2 1 0 0
0 4 80 24 5 6 1 6 1 100 24 0 0 23 4 0
0 0 0 3
3 0 0 3 2 2 1 1 3 1 0 0 1 2 3 1 1 3 3 3 2 2 3 0 0 2 2 1 1 2 1 1 2 1 3 0 0 1 3 0 2 0 1 2 3 3 3 0 0 1 2 2 2 3 1 1 3 0 2 1 2 0 2 2 2 2 2 3 2 2 3 0 0 2 1 2 1 2 2 0
0 8 94 40 5 6 1 6 1 100 43 8 8 43 8 0
0 1 2 0 1 1 2 1
3 1 2 0 1 1 2 1 2 0 1 1 3 3 1 3 0 1 3 3 3 0 2 0 1 1 2 0 1 2 1 1 1 0 3 0 0 0 3 2 2 1 0 2 1 2 1 3 3 1 2 3 0 2 0 2 2 3 1 3 1 1 1 2 1 1 1 0 0 3 0 0 1 0 2 3 0 1 1 2 3 0 2 0 1 0 3 2 2 1 1 2 1 3
0 1 99 30 5 6 1 6 1 100 30 0 0 26 1 0
0
3 0 2 1 0 2 3 1 1 0 3 1 3 2 1 3 0 3 1 1 1 2 3 0 2 1 1 1 0 0 3 0 0 2 2 3 2 2 1 2 2 2 3 2 0 1 2 1 1 3 0 0 0 0 0 0 1 2 2 3 2 0 2 0 1 2 0 1 2 3 3 0 3 1 0 0 2 0 1 1 0 3 3 3 0 2 1 2 2 3 0 2 1 2 0 3 3 2 3
0 4 103 99 5 6 1 6 1 100 99 0 0 98 4 0
3 3 3 2
2 3 3 2 1 2 0 1 1 3 0 0 0 0 2 0 1 2 3 1 1 3 1 2 3 1 0 2 1 2 0 1 3 0 0 3 2 2 3 0 2 2 1 2 1 3 3 1 3 1 1 3 3 1 1 3 1 1 0 3 3 1 3 3 1 2 3 1 3 0 0 1 2 1 2 0 1 3 2 2 1 3 3 2 3 3 1 1 2 1 2 1 2 3 1 0 1 1 2 0 1 1 3
0 2 105 48 5 6 1 6 1 100 48 0 0 45 2 0
3 1
2 1 2 0 0 2 0 0 2 2 3 1 2 3 1 1 3 0 2 0 1 2 2 1 2 3 2 0 0 2 2 0 1 0 0 2 2 1 3 1 1 3 1 1 2 1 3 0 2 1 2 3 0 2 0 1 2 2 0 2 1 2 0 2 3 3 2 1 2 0 0 0 0 3 3 0 3 1 2 1 3 0 3 3 3 0 2 2 3 0 0 3 0 1 2 2 0 2 0 2 2 2 1 0 1
0 7 107 29 5 6 1 6 1 100 31 7 7 31 7 0
2 3 2 1 2 3 1
1 3 2 1 2 3 1 3 2 2 1 2 1 2 2 2 1 3 2 3 3 0 0 0 1 0 0 1 1 0 3 3 3 1 3 2 0 2 3 2 0 1 3 0 0 2 1 1 0 3 1 1 1 2 1 2 3 1 3 3 0 1 1 2 1 3 0 3 3 1 3 0 2 1 3 2 1 0 1 2 1 1 1 1 2 1 0 2 3 3 3 0 2 2 1 1 0 1 1 0 2 3 1 0 3 2 2
0 1 112 64 5 6 1 6 1 100 64 0 0 60 1 0
1
0 0 2 3 0 0 3 0 0 0 0 0 3 0 2 3 2 0 0 3 0 2 2 0 3 0 3 1 2 3 0 0 2 3 2 1 3 1 1 3 0 0 3 0 2 1 2 0 3 3 3 2 0 3 0 1 2 1 1 3 2 0 0 1 1 3 3 3 0 0 0 2 2 1 0 2 3 1 0 0 3 1 1 1 0 3 3 0 1 3 0 1 3 1 3 1 0 3 1 3 3 3 3 0 3 3 0 3 3 0 1 0
0 7 115 105 5 6 1 6 1 100 107 7 7 107 7 0
3 2 2 1 2 2 1
2 2 2 1 2 2 1 2 1 0 0 1 1 0 1 3 3 0 0 2 3 2 2 3 3 0 2 0 1 1 3 3 2 2 3 1 1 2 1 3 0 1 1 0 1 0 0 2 3 1 0 3 2 2 0 1 3 0 1 2 3 1 3 2 2 1 1 0 0 1 1 1 3 0 2 3 1 2 3 1 3 2 1 1 0 0 1 3 0 1 3 3 3 2 2 3 3 3 1 3 0 3 2 2 1 1 3 3 2 2 2 3 1 2 1
1 3 4 132 5 6 1 6 1 100 135 3 3 135 3 0
2 3 2
2 3 2 1
1 3 4 132 5 6 1 6 1 100 135 3 3 135 3 0
2 3 2
2 3 2 1
1 1 43 129 5 6 1 6 1 100 129 0 0 125 1 0
1
0 1 1 3 2 2 1 0 0 0 3 0 2 1 1 3 2 1 0 0 3 0 0 3 1 2 3 2 2 2 1 3 2 3 3 3 2 1 3 3 1 1 3
1 8 82 127 5 6 1 6 1 100 127 0 0 125 8 0
3 3 3 2 1 2 3 0
2 3 2 2 1 2 3 0 0 1 3 3 1 1 0 2 1 0 2 1 3 3 0 3 1 1 0 1 2 1 1 2 3 2 2 1 2 3 2 1 0 2 1 0 3 2 2 3 3 3 3 1 0 3 3 0 1 2 2 2 1 1 0 2 3 3 2 1 0 2 0 1 2 3 0 1 2 1 2 2 2 3
1 1 126 139 5 6 1 6 1 100 139 0 0 135 1 0
1
0 3 2 2 1 2 3 1 0 2 2 3 1 0 2 2 1 2 0 3 2 2 3 3 3 1 1 1 3 2 2 1 3 2 1 3 2 0 3 2 1 3 1 0 0 0 2 1 0 2 2 2 3 2 2 3 3 3 2 0 2 3 0 1 1 2 1 3 2 2 1 2 0 1 0 0 0 1 1 2 2 1 2 0 3 1 0 0 1 0 0 3 3 3 0 3 1 0 2 2 1 3 2 2 1 1 2 0 3 2 0 1 0 1 1 3 2 2 1 2 2 1 0 2 1 3
1 2 127 128 5 6 1 6 1 100 128 0 0 125 2 0
3 3
2 3 2 0 2 1 3 3 3 0 1 1 1 2 1 0 0 0 2 3 2 1 2 1 3 2 1 3 2 1 3 3 0 2 1 0 2 1 2 1 0 1 3 2 1 3 3 2 2 3 2 2 2 2 3 2 2 2 2 0 3 1 2 2 1 0 3 1 0 3 3 1 0 2 2 1 2 2 3 2 0 3 2 1 1 3 3 1 2 2 3 2 0 3 3 0 0 0 1 2 2 1 2 2 3 3 3 1 0 2 1 0 2 1 2 1 0 1 2 1 1 0 1 3 2 2 3
1 2 127 133 5 6 1 6 1 100 133 0 0 130 2 0
2 3
1 3 1 2 2 2 1 0 2 0 1 2 1 3 3 1 0 1 0 0 0 0 1 2 1 3 2 2 0 0 1 2 1 0 3 1 0 0 2 0 1 1 0 1 1 0 2 1 0 3 1 0 0 2 3 0 1 1 2 2 0 0 1 2 2 1 0 3 1 1 1 0 1 3 3 1 0 2 0 0 3 1 0 1 0 0 3 1 1 2 3 3 3 2 1 1 3 3 1 0 0 2 0 1 2 3 2 0 1 3 1 1 0 2 2 3 1 1 2 3 2 0 0 3 0 0 2
1 2 127 143 5 6 1 6 1 100 143 0 0 138 3 0
1 0
0 1 0 0 0 3 1 3 2 1 1 2 2 3 3 0 3 3 3 3 2 1 3 2 2 2 1 3 3 3 2 0 3 2 2 3 3 1 2 1 1 2 2 3 3 3 0 3 2 0 1 2 0 3 0 1 1 2 1 3 2 3 2 1 3 3 0 0 1 1 2 1 3 2 2 1 3 2 2 0 1 2 3 3 0 1 1 2 0 0 0 0 0 2 0 3 0 0 0 0 0 1 0 2 1 1 2 3 0 2 3 2 1 1 0 1 2 3 3 1 3 0 1 0 0 1 0
1 3 128 142 5 6 1 6 1 100 142 0 0 140 3 0
0 3 1
3 3 1 3 3 1 0 3 1 0 0 1 1 1 2 0 1 1 2 2 3 1 2 3 3 3 1 2 3 3 0 3 1 2 2 3 2 2 1 1 1 0 0 3 2 2 2 3 2 0 1 3 2 1 2 2 3 1 3 2 0 1 3 2 2 3 1 2 3 0 0 0 0 3 3 0 3 1 2 3 3 2 0 3 0 1 1 3 0 1 2 2 1 2 2 1 0 3 2 2 1 2 1 2 3 1 0 1 2 2 3 2 2 1 2 2 3 2 1 0 3 3 1 3 1 3 2 2
1 4 129 136 5 6 1 6 1 100 136 0 0 135 4 0
0 2 0 1
3 2 0 1 2 3 3 2 1 3 3 2 0 1 1 1 2 1 0 0 0 3 2 2 0 0 0 2 0 1 0 0 1 3 2 2 3 2 1 3 2 2 2 0 3 3 0 3 2 0 3 2 3 0 3 0 1 3 0 3 3 0 3 2 3 0 3 0 3 3 1 3 2 2 3 2 3 2 1 0 3 3 0 3 3 0 3 2 0 2 2 2 3 0 3 1 0 1 3 2 3 0 3 2 1 0 3 1 2 0 0 3 3 1 3 1 2 1 3 2 0 0 0 0 0 3 1 2 2
1 6 131 129 5 6 1 6 1 100 129 0 0 125 6 0
1 0 1 3 0 3
0 0 0 3 0 3 1 0 3 3 1 1 1 1 0 1 0 1 3 0 1 2 2 2 2 2 1 2 2 1 0 0 0 0 2 1 1 0 3 3 2 2 3 1 3 2 2 3 2 0 3 1 1 1 2 2 0 0 1 3 2 0 2 1 2 2 1 0 0 0 1 3 2 0 0 0 2 2 3 1 0 3 2 1 2 1 0 0 1 2 1 2 3 2 1 1 2 2 3 2 0 0 0 0 1 0 2 2 3 3 1 2 2 3 1 0 1 3 2 0 0 1 3 2 2 3 0 3 1 2 0
1 7 132 133 5 6 1 6 1 100 135 7 7 135 7 0
3 2 1 2 0 3 1
2 2 1 2 0 3 1 3 1 1 0 1 1 2 2 3 2 1 0 1 1 2 1 1 2 1 2 1 2 2 3 1 1 3 3 1 3 1 1 1 2 1 3 0 0 0 3 3 0 3 2 1 2 2 0 0 1 0 0 0 2 1 3 3 3 1 3 2 1 1 2 2 0 1 2 1 2 1 1 1 0 1 0 2 2 2 1 3 3 1 0 3 1 1 0 2 1 1 2 2 3 0 0 2 1 1 3 2 1 3 3 3 3 1 0 3 1 3 3 1 0 1 0 2 2 1 2 0 3 2 0 2
1 5 133 118 5 6 1 6 1 100 118 0 0 118 5 0
0 2 3 1 3
3 2 3 1 3 0 3 2 2 2 2 1 3 0 1 1 2 0 0 1 0 0 0 1 2 1 1 1 0 3 1 1 3 2 0 0 2 1 0 1 1 0 1 1 3 2 1 1 0 2 0 0 0 3 2 1 2 2 2 2 1 3 0 1 1 0 2 2 1 3 0 3 1 2 0 1 1 0 2 1 0 2 1 0 1 1 0 2 1 0 0 3 0 2 3 2 1 3 0 1 1 0 2 1 3 2 1 2 2 1 0 3 1 1 1 1 2 3 1 2 2 1 1 0 2 1 2 0 0 0 2 1 2
1 8 133 137 5 6 1 6 1 100 140 8 8 140 8 0
0 3 3 3 2 1 0 3
3 3 3 3 2 1 0 3 3 0 0 3 0 2 1 3 3 1 2 1 0 2 3 0 0 2 3 1 1 0 1 3 2 1 1 3 3 3 2 2 3 0 3 0 2 2 1 2 2 3 0 3 0 2 2 3 1 2 1 1 3 3 0 3 0 2 0 1 2 1 1 0 3 1 3 2 1 2 2 3 3 3 1 3 3 3 1 1 0 2 3 1 3 2 3 0 2 3 2 0 1 3 1 1 3 2 2 3 3 3 1 0 1 2 3 3 2 3 1 2 0 3 2 1 3 2 0 1 3 2 1 2 3
1 8 11 20 5 6 1 6 1 100 20 0 0 10 10 0
2 2 0 0 3 0 3 0
3 0 2 0 0 0 3 0 2 0 2
0 1 2 143 5 6 1 6 1 100 143 0 0 139 1 0
1
0 1
0 6 78 54 5 6 1 6 1 100 55 6 6 55 6 0
2 3 0 2 1 2
1 3 0 2 1 2 2 1 2 0 0 2 3 3 0 2 3 1 2 1 0 0 0 2 1 0 2 1 3 0 1 0 0 2 3 0 1 1 0 1 0 2 2 1 1 1 2 1 3 3 2 3 0 2 2 3 2 3 3 3 3 3 2 1 3 0 0 0 0 0 1 2 1 2 2 3 2 1
0 7 81 22 5 6 1 6 1 100 22 0 0 19 7 0
2 0 3 1 2 3 3
1 3 3 1 2 3 3 1 0 1 2 1 0 2 1 2 1 3 0 1 0 2 1 2 3 2 1 2 1 0 0 3 3 1 3 2 0 0 0 3 2 0 1 3 3 2 1 3 1 3 3 1 1 2 1 1 1 0 1 2 1 0 3 3 0 1 3 2 2 1 3 0 3 3 3 3 0 2 2 1 0
0 1 88 35 5 6 1 6 1 100 35 0 0 31 1 0
3
2 2 1 1 0 1 3 3 3 3 2 2 0 1 0 0 1 1 2 0 2 0 1 2 0 1 1 3 3 1 1 0 2 1 0 2 0 1 1 3 2 3 3 2 1 0 0 1 0 3 0 3 2 2 1 0 3 0 1 1 1 2 0 0 2 1 1 0 1 2 2 3 2 0 2 1 0 1 2 3 1 3 3 1 2 3 2 1
0 1 101 23 5 6 1 6 1 100 23 0 0 19 1 0
2
1 2 2 0 1 3 0 1 0 1 1 2 0 1 3 2 1 2 0 1 3 0 0 1 0 0 1 2 2 1 3 3 3 2 2 3 0 0 0 2 0 1 2 2 3 3 0 0 2 3 1 1 2 3 0 0 1 1 0 0 3 0 2 0 1 1 2 1 3 0 1 3 3 0 1 2 1 2 1 1 1 3 1 0 0 0 0 0 1 2 3 3 3 2 1 1 3 2 1 0 1
0 7 112 61 5 6 1 6 1 100 63 7 7 63 7 0
1 2 1 1 2 3 1
0 2 1 1 2 3 1 0 2 1 3 0 1 0 0 2 3 1 2 3 0 1 3 1 2 0 1 1 2 1 1 1 1 2 0 1 1 0 1 1 3 0 2 3 1 1 1 2 1 2 1 3 2 1 0 0 0 0 1 2 1 2 3 3 0 1 1 3 3 1 0 0 0 2 2 0 2 2 2 3 2 1 1 1 2 0 1 1 0 3 2 3 1 2 3 2 2 1 0 1 0 1 1 2 1 1 2 3 0 0 1 3
0 3 122 71 5 6 1 6 1 100 71 0 0 69 3 0
2 0 2
1 0 2 0 1 1 3 3 0 0 0 3 0 3 3 1 0 3 2 1 2 1 2 3 2 1 2 1 2 2 2 3 0 0 1 1 2 1 1 0 0 3 2 2 1 1 0 1 3 0 1 1 0 1 0 0 1 3 0 0 0 2 3 2 2 1 0 0 3 0 1 2 1 2 2 3 1 3 0 3 1 2 1 1 3 3 2 1 1 0 0 1 2 1 2 2 3 1 2 1 1 2 2 3 1 2 1 2 1 1 0 3 2 1 1 0 1 0 0 3 1 0
0 7 123 24 5 6 1 6 1 100 26 7 7 26 7 0
2 0 0 0 3 0 1
1 0 0 0 3 0 1 1 2 1 1 3 0 3 3 2 0 0 2 1 2 2 1 0 2 0 0 0 1 2 1 2 1 0 1 3 1 3 0 2 1 0 3 3 1 0 3 3 0 1 0 0 1 0 1 2 3 1 1 1 0 1 3 3 3 0 3 1 0 0 3 0 2 1 1 3 1 3 1 3 3 0 0 0 0 1 0 2 0 0 0 3 3 0 1 3 1 1 1 0 1 3 0 0 0 1 0 0 1 2 1 0 2 3 0 3 2 2 1 3 2 0 2
0 2 123 82 5 6 1 6 1 100 82 0 0 79 2 0
3 1
2 1 3 3 0 3 2 0 1 0 2 1 2 1 3 3 0 2 3 3 0 3 0 2 1 2 0 1 3 3 1 2 2 0 1 2 0 0 2 1 1 2 1 0 2 1 2 3 2 2 3 3 1 3 2 0 2 3 1 0 0 0 2 0 2 2 0 1 3 3 0 2 0 1 0 0 1 2 0 1 0 0 2 1 2 0 3 3 0 1 3 2 2 2 1 0 0 1 2 2 2 0 3 3 3 0 0 1 0 0 1 0 3 3 2 3 2 3 3 2 2 2 2
0 4 126 49 5 6 1 6 1 100 49 0 0 48 4 0
0 2 0 1
3 2 0 1 2 2 3 1 1 1 2 3 0 2 2 3 2 2 1 0 1 0 3 2 1 2 0 0 3 1 0 2 1 2 0 0 3 3 2 2 0 2 3 2 3 3 2 2 2 1 3 3 1 3 0 1 0 0 0 2 3 2 0 0 2 3 1 3 1 0 0 1 2 1 3 3 3 3 0 0 0 1 3 1 3 1 3 2 0 2 3 2 1 3 3 2 3 3 2 0 0 0 2 1 0 0 1 0 0 2 3 1 0 1 0 0 0 2 3 3 0 0 0 0 2 3
0 4 126 49 5 6 1 6 1 100 49 0 0 48 4 0
0 2 0 1
3 2 0 1 2 2 3 1 1 1 2 3 0 2 2 3 2 2 1 0 1 0 3 2 1 2 0 0 3 1 0 2 1 2 0 0 3 3 2 2 0 2 3 2 3 3 2 2 2 1 3 3 1 3 0 1 0 0 0 2 0 0 0 2 1 3 0 0 2 3 0 2 3 0 2 1 0 1 0 0 1 2 1 3 3 3 3 0 0 0 1 3 1 3 1 3 2 0 2 3 2 1 3 3 2 3 3 2 0 2 0 2 1 0 0 1 0 0 2 3 1 0 1 0 0 0
1 6 7 143 5 6 1 6 1 100 144 6 6 144 6 0
3 3 3 2 2 1
2 3 3 2 2 1 2
1 1 126 134 5 6 1 6 1 100 134 0 0 130 1 0
2
1 2 1 2 2 0 0 3 3 3 0 1 1 0 0 1 0 0 0 2 0 2 2 2 2 3 3 0 3 3 3 1 2 3 2 1 1 2 3 3 1 3 1 2 0 1 1 2 1 3 0 3 0 3 1 2 0 3 1 2 3 3 3 3 2 1 1 2 1 3 0 0 2 1 0 3 2 0 0 2 1 0 1 0 2 1 3 2 3 3 3 3 2 3 2 0 0 2 0 2 0 0 0 0 2 1 2 3 2 2 0 2 3 1 3 2 1 2 1 3 2 2 1 3 2 0
1 1 126 139 5 6 1 6 1 100 139 0 0 135 1 0
0
3 3 0 1 1 2 1 0 3 1 1 0 2 3 3 1 1 2 1 1 3 3 3 0 0 1 2 1 0 2 2 0 3 1 2 0 3 0 2 1 2 3 3 0 0 1 2 1 1 0 3 2 1 0 0 1 2 1 2 1 1 2 1 0 0 0 3 3 2 1 1 2 3 1 2 1 1 0 3 0 2 1 0 1 1 2 0 3 2 2 3 2 3 1 3 2 3 2 3 1 2 1 1 2 1 1 0 0 2 2 3 3 0 2 1 2 1 0 1 0 2 2 0 1 2 2
1 5 127 131 5 6 1 6 1 100 131 0 0 131 5 0
2 0 1 3 1
1 0 1 3 1 2 3 3 2 2 3 0 1 3 2 0 1 3 1 2 1 0 1 0 1 1 0 1 1 0 3 2 0 3 1 0 0 1 2 2 1 1 3 3 2 2 1 2 3 2 1 3 2 2 2 2 3 2 2 2 2 1 2 3 3 2 2 3 2 2 2 0 3 1 2 0 0 2 1 0 2 0 0 2 1 1 2 1 0 0 3 2 3 3 0 2 2 1 1 0 2 1 1 2 2 3 3 3 1 1 0 3 2 1 3 3 0 3 1 1 1 2 2 0 3 2 3
1 3 128 132 5 6 1 6 1 100 132 0 0 130 3 0
3 0 1
2 0 1 0 0 1 2 3 1 2 2 1 3 3 3 3 0 0 2 1 1 1 3 2 3 0 0 0 0 3 1 2 1 1 0 2 1 2 1 1 3 2 3 3 3 3 2 0 3 2 0 1 1 1 2 2 1 0 3 2 0 2 0 3 3 2 3 3 3 3 0 3 1 2 3 1 0 2 3 3 3 2 3 1 2 1 1 2 1 1 2 3 3 0 3 1 3 3 3 3 2 1 1 1 0 3 3 2 3 3 2 1 3 1 0 0 0 1 2 2 1 2 2 0 3 3 1 0
1 4 129 141 5 6 1 6 1 100 141 0 0 140 4 0
3 1 0 3
2 1 0 3 1 0 0 2 2 1 1 0 2 2 1 0 2 0 0 1 2 1 3 3 3 1 2 1 0 1 0 1 3 2 3 3 1 0 3 3 0 0 0 2 1 1 2 1 1 1 0 3 3 2 0 2 1 1 2 2 0 0 2 3 0 3 1 1 0 1 0 1 0 2 0 1 0 0 3 0 0 0 1 2 2 1 1 1 2 1 2 1 2 2 1 3 2 3 3 1 0 3 1 2 3 0 0 3 1 3 3 3 0 3 2 3 0 1 1 0 1 1 2 2 0 1 2 3 3
1 5 130 140 5 6 1 6 1 100 140 0 0 140 5 0
1 1 1 2 1
0 1 1 2 1 2 3 2 1 0 1 2 1 2 1 3 2 2 3 2 2 3 3 1 2 2 1 0 2 1 3 3 3 3 3 1 3 3 3 2 0 0 0 3 1 2 0 1 1 3 3 1 0 3 2 2 1 2 1 0 3 3 2 0 1 1 2 3 0 1 3 2 2 1 1 3 3 1 0 1 1 2 1 1 0 3 3 1 1 0 1 3 2 2 1 3 2 3 0 1 0 3 0 0 0 2 3 3 2 1 1 2 1 2 0 3 1 2 1 1 0 3 3 1 0 1 1 3 1 0
1 6 131 124 5 6 1 6 1 100 125 6 6 125 6 0
3 2 1 0 0 1
2 2 1 0 0 1 2 0 0 2 2 2 2 1 2 0 3 3 2 1 1 1 2 2 1 0 2 1 0 3 2 0 3 2 3 1 1 0 2 2 1 2 0 3 3 1 0 1 0 0 3 1 3 2 2 3 2 0 0 2 0 2 2 3 3 1 3 3 3 0 1 2 1 3 1 0 0 2 1 2 1 1 0 3 2 1 1 0 0 1 0 0 3 0 1 0 1 1 0 2 0 1 1 0 3 1 0 3 3 3 1 2 0 2 2 2 2 0 0 2 0 1 2 2 1 2 1 3 3 2 1
1 7 132 133 5 6 1 6 1 100 135 7 7 135 7 0
2 2 2 0 0 2 1
1 2 2 0 0 2 1 1 0 3 3 3 3 1 1 0 2 2 3 1 2 2 1 0 0 3 3 0 0 0 3 1 3 3 1 2 1 1 0 3 1 3 3 1 0 0 3 0 1 1 2 2 3 2 2 0 2 0 3 0 1 2 1 0 2 1 0 2 1 2 3 1 3 1 2 2 0 2 0 3 1 1 1 2 2 1 2 2 1 0 2 1 0 1 2 1 2 1 3 3 1 3 2 2 3 2 1 1 0 3 2 1 1 3 2 1 0 3 2 3 2 3 1 0 3 2 2 3 3 2 1 2
1 8 133 127 5 6 1 6 1 100 130 8 8 130 8 0
2 0 1 1 2 2 3 0
1 0 1 1 2 2 3 0 3 1 0 0 3 0 1 3 1 2 2 2 0 0 0 0 3 2 3 3 1 0 2 1 0 1 3 3 3 2 1 2 3 3 3 0 1 1 1 2 1 0 0 0 1 3 2 0 1 1 2 0 2 2 2 3 2 0 1 2 3 1 0 2 0 1 0 2 0 3 1 3 3 3 3 2 1 1 0 1 2 0 2 0 2 3 0 0 0 0 2 3 1 3 2 1 2 1 3 3 3 2 1 3 0 1 1 1 2 1 1 3 2 1 2 2 2 0 3 2 2 0 0 3 3
1 8 133 142 5 6 1 6 1 100 145 8 8 145 8 0
0 1 0 2 1 0 0 0
3 1 0 2 1 0 0 0 0 1 3 1 0 0 0 3 0 0 1 0 0 0 1 0 3 1 1 0 2 0 1 1 2 1 1 0 1 1 2 3 2 0 3 0 0 0 0 0 3 1 0 0 0 1 3 2 2 2 0 1 2 3 1 0 3 0 3 1 1 0 2 0 0 3 2 2 1 0 1 2 2 2 3 0 3 3 1 0 1 2 3 3 1 2 1 2 1 1 0 0 0 2 2 1 2 0 3 1 1 1 1 3 2 3 2 0 0 2 3 0 0 3 3 1 1 2 1 1 0 0 3 1 2
1 3 4 20 5 6 1 6 1 100 20 0 0 13 3 0
3 1 2
2 0 2 3
0 7 9 128 5 6 1 6 1 100 128 0 0 125 7 0
1 3 1 0 3 1 0
0 3 0 0 3 1 0 3 3
0 7 130 120 5 6 1 6 1 100 122 7 7 122 7 0
0 1 1 3 3 1 1
3 1 1 3 3 1 1 0 1 1 3 1 1 0 1 0 3 2 1 1 2 3 1 1 3 3 1 2 2 3 2 2 1 0 1 2 3 1 1 1 3 1 3 0 3 2 2 1 0 0 3 1 2 3 3 0 2 1 2 1 1 0 2 3 0 3 2 2 1 3 3 2 0 2 1 2 1 3 3 2 3 2 2 1 0 3 1 0 1 1 3 0 1 0 3 1 0 0 3 2 2 2 1 2 3 1 2 3 0 2 0 0 2 1 0 0 1 3 0 0 1 2 0 0 0 3 1 3 3 2
0 6 38 30 5 6 1 6 1 100 31 6 6 31 6 0
0 3 2 1 1 2
3 3 2 1 1 2 2 1 2 2 3 0 1 0 0 1 0 0 3 2 2 3 2 2 3 3 0 2 3 1 3 0 1 1 2 2 2 1
0 1 48 27 5 6 1 6 1 100 27 0 0 23 1 0
1
0 3 2 1 0 2 0 1 1 2 1 2 3 1 1 3 3 2 0 1 1 1 2 1 2 1 1 3 1 3 2 1 1 2 3 3 2 3 2 0 0 0 2 0 1 3 0 2
0 5 56 50 5 6 1 6 1 100 50 0 0 50 5 0
3 2 3 2 2
2 2 3 2 2 2 3 0 0 2 2 1 1 1 0 2 1 3 0 3 2 1 2 1 2 3 1 2 3 3 0 1 2 1 2 2 2 2 2 3 2 3 1 1 2 1 1 2 0 1 1 0 0 0 2 0
0 7 69 27 5 6 1 6 1 100 28 6 6 24 7 0
1 0 1 3 3 3 0
0 0 1 3 3 3 3 1 2 3 3 0 1 0 1 3 2 3 1 3 0 3 0 0 2 2 3 0 2 0 1 3 0 3 3 3 3 3 1 3 3 0 0 3 0 1 1 0 0 0 3 1 2 3 1 1 3 1 2 1 2 3 0 0 1 0 0 1 3
0 7 72 38 5 6 1 6 1 100 40 7 7 40 7 0
2 3 3 2 1 3 1
1 3 3 2 1 3 1 3 3 1 0 0 2 3 1 2 2 0 1 0 1 1 0 1 2 3 1 2 1 3 0 2 0 0 0 2 0 1 2 2 0 2 3 2 3 0 0 1 0 1 2 1 0 1 0 2 0 1 2 2 3 2 1 2 0 1 0 3 0 1 2 2
0 2 84 44 5 6 1 6 1 100 44 0 0 41 2 0
0 2
3 2 2 1 0 2 1 1 1 1 1 3 3 1 2 0 0 0 1 0 0 1 2 2 3 1 2 1 2 2 3 1 3 3 3 2 1 2 2 1 1 0 0 0 3 3 2 2 3 1 2 1 2 2 1 3 3 1 0 1 3 1 2 1 2 3 1 0 1 3 0 0 3 3 3 1 2 2 3 0 1 2 3 1
0 7 100 90 5 6 1 6 1 100 92 7 7 92 7 0
0 1 1 1 3 2 3
2 1 1 1 3 2 3 3 0 2 3 1 2 0 0 3 2 0 2 3 0 3 3 2 2 3 1 0 2 2 3 2 0 0 2 3 0 2 2 0 0 3 0 1 0 0 2 0 0 2 1 3 3 3 0 2 1 1 2 1 2 1 2 3 0 2 3 2 2 0 2 3 3 0 2 3 1 2 0 2 2 3 2 2 3 0 3 0 2 0 0 1 0 1 1 3 3 0 3 1
0 4 107 41 5 6 1 6 1 100 41 0 0 40 4 0
1 0 1 3
0 0 1 3 0 0 1 3 2 1 2 1 1 1 0 0 1 0 1 3 3 0 3 2 3 3 3 1 1 0 0 3 2 1 2 0 1 1 2 1 3 0 3 0 0 3 2 2 2 1 2 3 2 2 0 0 2 2 2 1 1 0 2 3 3 2 1 1 2 3 3 3 0 0 2 3 2 2 2 3 1 1 2 2 2 3 1 2 1 0 1 3 3 3 0 2 0 3 2 1 3 2 3 0 0 1 0
0 7 108 23 5 6 1 6 1 100 25 7 7 25 7 0
2 0 0 2 0 0 0
1 0 0 2 0 0 0 1 2 0 1 2 2 1 0 0 3 3 2 2 2 1 0 2 0 1 1 0 0 0 1 1 1 2 3 0 1 3 0 3 2 0 1 3 0 1 0 3 1 0 2 3 2 1 2 0 0 0 3 0 2 1 0 0 0 0 2 3 2 1 3 3 1 2 0 2 0 2 0 1 2 0 3 0 0 2 2 1 0 0 3 2 0 2 0 2 2 1 1 3 2 0 2 2 1 2 3 2
0 6 111 54 5 6 1 6 1 100 55 6 6 55 6 0
1 1 3 3 1 2
0 1 3 3 1 2 3 0 2 3 3 1 1 3 3 1 1 3 3 2 1 0 3 3 1 3 3 0 1 3 1 1 3 0 0 1 2 0 1 2 0 2 1 3 1 2 0 1 3 3 0 0 0 1 0 1 0 2 0 2 0 0 2 1 2 1 2 0 2 0 0 0 1 3 0 0 0 2 3 3 0 0 0 0 2 3 1 0 0 1 1 2 2 1 3 3 1 1 0 0 0 2 2 0 1 2 3 1 0 0 2
0 7 118 44 5 6 1 6 1 100 46 7 7 46 7 0
1 2 2 0 2 3 1
0 2 2 0 2 3 1 2 1 3 0 1 3 3 1 1 2 1 3 0 1 3 0 1 0 1 1 0 1 3 0 0 1 3 3 1 0 2 1 2 2 1 3 0 2 3 1 1 1 2 0 1 2 1 1 2 1 0 0 2 2 3 1 3 1 0 2 0 2 0 3 2 1 3 1 3 2 3 3 3 3 0 3 0 0 0 1 3 1 2 3 1 1 1 1 1 0 2 3 1 0 3 2 1 2 1 0 1 2 0 1 3 2 1 3 1 2 2
0 7 122 23 5 6 1 6 1 100 25 7 7 25 7 0
2 0 0 2 0 0 0
1 0 0 2 0 0 0 1 2 0 1 2 2 1 0 0 3 3 2 2 2 1 0 2 0 1 1 0 0 0 1 1 1 2 3 0 1 3 0 3 2 0 1 3 0 1 0 3 1 0 2 3 2 1 2 0 0 0 3 0 2 1 0 0 0 0 2 3 2 1 3 3 1 2 0 2 0 2 0 1 2 0 3 0 0 2 2 1 0 0 3 2 0 2 0 2 2 1 1 3 2 0 2 2 1 2 3 2 2 1 2 2 1 0 1 0 0 2 0 0 2 1
1 3 79 132 5 6 1 6 1 100 132 0 0 130 3 0
2 1 1
1 1 1 0 2 1 1 1 2 0 0 2 0 3 0 3 0 1 1 1 0 1 1 3 0 3 0 0 1 0 2 3 0 1 1 0 0 2 1 1 0 1 2 2 2 0 0 1 2 1 1 1 1 2 2 1 3 3 1 2 3 0 0 2 3 1 0 2 3 0 2 2 1 1 1 2 1 1 3
1 5 110 125 5 6 1 6 1 100 125 0 0 125 5 0
2 1 0 2 1
1 1 0 2 1 3 0 1 1 0 1 1 2 0 2 1 0 1 0 0 3 0 3 1 3 2 3 0 1 1 0 1 2 0 1 1 1 2 1 1 0 3 0 3 3 2 2 3 1 2 1 2 0 3 0 2 3 1 0 1 1 2 1 0 2 1 1 2 2 0 3 0 0 1 1 3 2 1 1 3 2 0 2 1 0 0 1 0 0 3 1 2 1 1 2 1 3 3 1 2 3 3 2 2 1 2 3 2 2 0
1 8 112 122 5 6 1 6 1 100 125 8 8 125 8 0
2 3 1 3 0 0 0 2
1 3 1 3 0 0 0 2 0 0 2 0 0 2 3 0 0 0 0 2 1 1 2 1 3 2 1 1 2 1 2 1 1 2 2 3 0 0 1 3 2 2 1 1 1 2 1 3 2 2 1 0 2 0 3 2 0 3 1 1 2 0 3 3 1 0 2 2 0 0 0 1 1 0 3 1 0 1 1 3 3 3 2 0 1 2 0 1 3 3 1 2 1 3 0 0 0 2 3 3 2 0 1 1 3 2 1 2 1 2 3 2
1 4 115 130 5 6 1 6 1 100 130 0 0 129 4 0
1 3 2 1
0 3 2 1 3 3 0 3 2 0 2 3 0 3 0 0 0 0 2 0 2 1 0 0 0 1 2 3 3 0 0 3 2 0 1 2 1 1 3 3 0 1 1 3 0 1 0 2 3 3 3 2 0 1 1 2 1 0 0 1 1 0 2 3 2 2 2 1 0 2 1 3 1 3 2 1 2 3 2 0 3 3 1 1 2 3 0 1 1 3 0 3 2 0 1 2 3 3 0 3 1 2 2 0 0 2 0 3 2 0 2 0 3 1 2
1 2 127 128 5 6 1 6 1 100 128 0 0 125 2 0
1 3
0 3 1 0 1 1 1 0 2 1 1 2 2 3 2 3 1 0 2 3 0 1 3 2 3 1 2 0 0 3 3 3 2 0 3 1 2 1 3 3 1 3 1 2 1 1 0 1 3 1 2 1 3 1 3 1 0 1 3 1 0 3 3 1 1 0 2 1 0 1 2 0 1 1 1 2 1 1 2 2 2 2 3 1 2 0 0 2 1 2 3 1 3 2 1 0 0 3 2 0 1 2 1 1 3 3 3 0 3 3 1 2 0 3 2 1 0 0 3 3 3 1 1 0 3 0 0
1 2 127 143 5 6 1 6 1 100 143 0 0 140 2 0
3 3
2 3 1 0 2 0 3 3 3 3 3 0 3 2 3 2 2 1 3 1 2 1 1 3 3 2 3 3 3 1 3 3 0 3 1 3 3 2 1 0 0 1 1 0 2 2 2 1 0 2 1 0 0 2 2 0 0 0 1 2 1 1 0 3 1 1 0 2 1 3 3 0 0 2 2 3 1 3 3 3 3 2 2 0 0 3 2 1 3 2 0 3 0 3 1 2 2 1 3 2 1 0 3 1 0 0 2 0 2 1 3 2 3 1 2 2 2 3 0 2 0 0 0 3 1 1 0
1 3 128 132 5 6 1 6 1 100 132 0 0 130 3 0
1 1 3
0 1 3 2 1 1 2 3 2 1 0 0 3 2 0 0 1 2 2 1 0 3 2 0 3 3 2 3 2 0 0 1 0 0 1 1 2 1 2 3 3 2 2 1 0 3 1 1 2 2 3 1 3 2 1 3 3 3 2 0 3 0 2 2 1 3 2 1 1 0 3 0 3 2 2 0 0 0 1 2 1 1 0 3 3 1 2 1 3 3 2 0 2 2 2 2 0 2 1 3 3 3 1 1 3 3 1 1 3 1 0 3 2 3 3 3 0 1 1 2 3 3 2 1 1 0 3 1
1 3 128 147 5 6 1 6 1 100 147 0 0 145 3 0
2 3 3
1 3 3 1 0 0 1 0 1 3 3 1 0 0 0 1 2 1 0 0 3 1 0 1 3 2 0 2 1 2 2 2 0 0 0 0 3 0 2 1 2 3 1 1 1 1 0 0 1 1 1 1 0 1 2 1 1 0 0 1 1 0 2 1 0 1 0 0 3 0 3 2 0 0 3 1 2 1 1 0 2 3 1 1 2 2 3 1 3 2 0 0 2 1 1 1 0 2 1 0 0 3 0 2 0 1 2 1 1 0 1 1 2 1 2 1 1 2 1 2 0 3 0 0 1 1 2 3
1 5 130 130 5 6 1 6 1 100 130 0 0 130 5 0
2 1 1 2 3
3 1 1 2 3 1 3 0 1 3 3 3 1 1 3 1 1 2 3 3 3 3 3 1 0 0 0 2 1 0 3 3 1 2 1 2 3 3 3 2 2 0 3 3 1 2 3 1 0 3 1 3 2 2 1 3 3 2 3 1 2 3 0 1 0 1 1 2 1 1 3 2 1 3 3 1 2 3 2 2 1 3 2 2 0 3 1 3 0 1 2 1 1 2 2 3 2 0 1 0 3 1 3 2 2 1 0 3 1 1 1 3 3 2 3 3 0 0 3 2 2 0 3 3 3 0 3 1 2 1
1 6 131 129 5 6 1 6 1 100 130 6 6 130 6 0
2 1 3 1 2 0
1 1 3 1 2 0 3 0 3 2 1 2 1 3 1 3 2 1 3 2 2 3 3 2 3 1 3 1 3 0 1 1 2 1 0 1 1 0 2 0 0 2 3 2 0 3 2 1 0 1 2 0 3 0 1 0 1 2 1 1 2 3 3 3 1 2 3 2 1 1 1 0 1 2 1 3 2 2 3 1 2 2 1 3 3 1 2 1 2 2 3 0 1 3 2 2 2 3 2 1 1 0 2 3 3 3 1 3 0 3 0 0 0 0 1 0 1 2 1 0 2 1 0 3 3 0 3 1 0 3 1
1 8 133 132 5 6 1 6 1 100 135 8 8 135 8 0
0 1 0 2 0 3 3 3
3 1 0 2 0 3 3 3 1 2 3 2 1 0 0 3 1 1 0 1 3 2 1 2 1 0 0 3 0 3 3 2 1 1 0 2 2 3 3 1 2 0 0 3 0 1 2 2 0 1 3 2 1 3 3 1 2 1 1 0 2 2 3 0 2 1 1 3 0 3 1 0 2 3 3 1 0 2 2 0 0 3 1 0 0 2 0 3 3 3 2 3 0 0 0 3 3 3 3 2 3 3 2 2 1 2 3 0 0 2 2 2 3 0 0 0 2 2 1 0 1 3 2 1 1 1 3 2 0 3 2 2 3
1 2 117 123 5 6 1 6 1 100 123 0 0 115 2 0
0 2
1 3 3 2 3 2 1 3 2 0 3 0 3 2 0 0 3 0 1 2 2 0 3 0 3 3 3 3 0 3 0 1 0 2 0 0 3 0 1 3 3 3 3 1 0 2 3 0 1 0 0 2 1 2 0 1 3 2 3 0 3 3 0 1 0 2 3 1 3 2 1 1 0 3 0 3 0 3 2 0 3 3 0 1 1 3 2 3 2 0 3 1 0 2 2 0 0 2 0 0 3 0 0 2 3 2 2 1 3 2 0 2 2 3 3 3 1
0 8 11 142 5 6 1 6 1 100 145 8 8 145 8 0
0 3 1 3 3 3 3 0
3 3 1 3 3 3 3 0 1 3 0
0 8 128 60 5 6 1 6 1 100 63 8 8 63 8 0
1 3 3 2 1 1 1 0
0 3 3 2 1 1 1 0 1 3 1 1 1 2 1 0 0 1 0 0 1 0 0 2 1 0 0 3 3 0 3 2 3 2 2 0 3 2 0 0 0 1 3 1 2 2 1 1 0 0 2 3 2 3 2 0 0 0 0 2 3 3 0 1 3 3 3 3 0 0 1 2 0 1 3 0 2 3 3 0 0 0 2 3 0 1 3 0 1 3 1 0 0 3 0 1 0 3 1 3 2 0 1 1 2 2 1 2 2 3 0 0 3 3 0 0 0 0 1 3 1 1 2 3 2 3 2 1
0 5 30 24 5 6 1 6 1 100 24 0 0 24 5 0
3 2 1 0 0
2 2 1 0 0 0 3 1 3 2 3 0 1 0 1 0 1 1 1 0 3 3 0 0 1 3 1 0 0 1
0 7 37 27 5 6 1 6 1 100 27 0 0 14 7 0
2 1 1 1 0 2 1
0 0 0 2 0 2 1 2 2 3 1 2 0 3 3 3 0 0 0 2 0 0 1 0 3 3 3 3 3 0 1 0 1 3 3 1 0
0 4 76 60 5 6 1 6 1 100 60 0 0 54 4 0
3 3 3 1
1 3 3 3 2 3 1 2 3 3 1 2 0 1 0 0 0 2 2 0 1 0 0 3 2 2 1 0 0 2 1 3 2 0 0 1 2 3 0 1 0 1 0 0 3 1 1 2 2 0 1 2 2 1 2 2 3 1 2 1 0 0 2 3 3 0 2 0 1 3 1 2 2 3 0 1
0 5 101 19 5 6 1 6 1 100 19 0 0 19 5 0
0 3 1 1 2
3 3 1 1 2 1 3 2 1 3 0 2 2 2 0 3 1 2 0 1 1 0 2 0 1 3 1 3 1 1 3 0 1 3 2 2 3 1 2 2 3 2 3 2 0 1 1 3 3 2 0 1 3 1 3 2 3 2 1 1 0 2 2 3 1 3 2 0 2 2 0 3 2 1 1 1 3 1 1 2 3 1 2 3 1 0 1 1 1 1 3 3 0 3 0 0 1 2 3 2 3
0 2 102 75 5 6 1 6 1 100 75 0 0 72 2 0
3 2
2 2 1 1 0 0 2 3 1 3 3 3 0 3 0 1 1 1 0 1 0 1 2 1 2 3 0 2 3 3 2 2 3 0 1 2 2 2 1 1 2 1 3 3 3 2 2 3 2 2 3 1 3 2 2 3 1 3 2 1 2 3 0 2 2 3 0 3 3 2 0 0 2 0 0 0 0 1 2 3 0 2 1 2 2 2 3 1 3 0 2 2 0 1 3 2 2 1 3 0 3 1
0 3 104 45 5 6 1 6 1 100 45 0 0 43 3 0
2 2 2
1 2 2 0 3 0 2 1 0 1 3 3 1 2 1 1 3 2 0 0 0 1 3 0 3 0 0 2 0 1 1 3 3 0 1 1 2 1 0 1 0 1 1 3 2 2 3 2 0 3 0 1 2 2 1 3 2 2 0 2 0 2 2 3 3 0 1 0 1 1 3 1 0 2 0 1 0 2 3 0 1 1 2 1 1 2 3 1 2 3 3 3 3 3 0 0 2 0 2 2 1 0 1 3
0 7 107 27 5 6 1 6 1 100 27 0 0 27 8 0
2 1 1 1 0 2 1
0 2 1 1 1 0 2 1 0 0 3 1 2 0 2 3 1 0 0 1 1 0 3 1 3 1 2 3 1 0 0 1 3 2 0 0 0 0 3 3 0 2 3 3 0 0 1 1 0 2 1 2 3 1 1 0 0 2 1 3 3 0 2 2 0 1 2 3 2 1 3 2 2 2 3 2 2 3 1 0 0 0 0 3 3 2 3 0 2 3 3 3 2 0 2 3 1 3 0 1 0 0 3 3 1 2 1
0 1 109 39 5 6 1 6 1 100 39 0 0 35 1 0
3
2 2 3 2 1 1 2 3 1 3 0 3 1 1 1 3 2 2 1 3 3 2 0 1 0 2 0 2 3 2 1 3 2 1 0 0 2 0 3 3 3 2 2 2 3 1 2 0 2 1 2 1 0 3 2 2 3 2 0 0 0 3 3 3 0 1 1 2 1 3 3 2 3 1 2 2 3 0 3 2 2 2 0 0 1 1 1 3 2 2 0 3 2 0 0 2 3 1 2 2 2 2 3 1 1 3 0 1 0
0 4 114 29 5 6 1 6 1 100 29 0 0 28 4 0
3 1 2 2
2 1 2 2 1 2 2 3 1 0 2 1 3 3 0 1 1 2 3 0 2 0 3 2 1 2 0 2 0 2 0 0 2 3 3 3 2 1 2 0 0 2 0 1 1 2 1 3 2 3 0 2 0 0 0 0 2 0 3 2 2 2 1 2 0 2 1 3 3 1 0 0 0 0 2 2 0 2 3 1 0 3 2 2 1 0 1 2 3 1 2 1 2 3 3 0 2 1 2 2 0 2 2 3 1 2 1 2 0 1 1 0 0 0
0 5 117 52 5 6 1 6 1 100 52 0 0 52 5 0
0 2 1 3 3
3 2 1 3 3 0 3 2 2 1 2 1 2 0 1 3 0 1 0 1 2 1 2 0 3 0 2 3 3 2 2 3 1 2 1 0 2 2 1 0 3 1 3 0 2 1 1 2 0 0 2 1 0 0 1 2 2 2 3 0 3 0 0 1 1 2 3 0 2 3 3 1 3 0 0 2 1 0 2 2 3 1 0 2 2 0 1 0 1 0 1 0 3 3 0 3 3 2 2 1 0 1 1 0 3 1 1 2 3 0 3 3 0 1 2 1 1
1 6 7 139 5 6 1 6 1 100 140 6 6 140 6 0
0 2 3 3 1 1
3 2 3 3 1 1 3
1 5 39 125 5 6 1 6 1 100 125 0 0 125 5 0
1 3 0 1 2
0 3 0 1 2 1 1 1 2 1 1 0 0 3 1 2 1 0 0 1 2 1 2 1 0 1 0 0 2 1 0 2 2 3 1 2 1 2 0
1 1 79 134 5 6 1 6 1 100 134 0 0 130 1 0
0
3 0 3 2 3 1 1 2 1 0 0 3 0 3 1 0 2 2 3 2 3 1 0 0 2 0 0 3 2 2 0 2 0 2 3 3 1 3 1 2 1 3 1 3 1 1 0 3 3 1 3 3 2 0 1 2 1 1 3 2 0 3 0 3 1 1 1 2 1 1 3 0 0 1 3 3 0 3 3
1 6 83 124 5 6 1 6 1 100 124 0 0 120 6 0
1 1 2 3 0 2
0 1 2 3 3 2 3 3 2 2 1 0 0 1 1 2 1 1 0 2 3 3 3 2 0 0 1 0 2 3 2 1 1 2 3 2 2 1 2 1 3 2 3 1 1 0 0 0 3 1 1 1 1 1 0 2 0 1 3 3 0 2 2 3 0 2 3 0 1 3 3 0 1 1 3 0 0 0 3 0 2 0 0
1 5 108 130 5 6 1 6 1 100 130 0 0 130 5 0
1 1 0 2 3
0 1 0 2 3 2 0 2 3 2 3 2 0 2 1 2 1 2 0 2 3 0 0 2 1 3 3 3 3 2 0 3 3 3 3 1 0 3 0 2 2 3 3 0 0 2 1 0 0 0 3 1 0 3 1 0 1 1 2 1 0 1 3 2 0 1 3 0 3 0 1 3 1 3 1 2 3 0 3 3 1 2 0 2 1 0 2 0 3 2 0 3 3 3 0 1 3 0 0 0 0 0 0 2 3 3 3 0
1 1 126 139 5 6 1 6 1 100 139 0 0 135 1 0
1
0 0 3 2 1 2 2 1 0 2 0 3 0 0 1 1 1 2 3 0 3 1 3 3 3 0 1 2 3 3 2 1 1 3 3 0 1 2 3 3 1 0 2 0 1 2 2 2 2 1 1 2 0 0 2 1 1 1 1 2 3 1 2 3 1 2 3 1 0 3 1 0 2 3 3 0 1 2 2 0 0 0 2 2 2 3 3 0 3 2 0 1 1 2 3 3 0 1 3 2 2 3 2 2 3 0 2 3 2 1 2 3 2 1 2 2 0 3 2 3 3 3 2 1 3 2
1 2 127 128 5 6 1 6 1 100 128 0 0 122 1 0
2 3
3 1 1 1 0 2 0 1 0 3 3 0 1 3 1 0 1 1 1 2 3 1 1 2 1 1 0 1 3 1 2 3 1 0 2 1 0 0 0 2 0 0 2 1 0 0 2 1 3 3 1 3 3 1 1 3 2 3 3 0 1 1 2 3 3 1 2 0 1 3 3 2 1 0 3 2 3 2 3 3 0 2 2 1 1 3 2 1 1 2 1 1 0 2 1 2 3 3 1 0 0 3 1 3 2 0 2 1 1 0 3 2 0 3 1 0 0 0 1 3 1 3 3 1 0 0 3
1 2 127 138 5 6 1 6 1 100 138 0 0 135 2 0
3 2
2 2 1 3 3 3 2 0 0 2 0 1 2 2 3 0 3 1 0 0 0 2 2 1 1 0 1 0 0 0 2 1 3 2 2 1 2 0 0 2 0 2 3 3 1 0 1 1 0 3 1 2 0 1 2 3 2 0 1 1 3 3 1 1 1 2 2 0 0 2 0 0 3 0 1 1 0 1 2 1 0 2 0 0 0 0 1 1 3 2 0 0 0 2 2 3 0 0 0 2 1 0 2 1 2 0 0 0 3 3 1 2 1 3 0 3 1 0 0 1 1 3 2 0 0 2 0
1 2 127 143 5 6 1 6 1 100 143 0 0 140 2 0
2 0
1 0 2 1 3 1 2 1 1 3 2 1 3 2 1 0 2 3 3 3 2 0 0 2 0 0 0 1 1 1 3 1 0 1 1 2 3 2 2 3 3 2 1 1 1 2 3 2 0 0 2 2 1 0 1 2 1 1 2 1 0 3 2 3 0 0 3 2 3 2 3 2 1 3 3 0 1 1 3 2 3 0 1 2 0 3 1 3 2 2 1 1 2 2 3 1 3 2 3 3 1 3 1 3 2 2 1 3 3 1 3 0 1 2 0 2 1 0 1 3 2 1 1 1 2 0 3
1 2 127 148 5 6 1 6 1 100 148 0 0 145 2 0
0 3
3 3 2 1 1 1 2 2 1 0 3 1 1 0 0 1 2 1 1 0 3 3 1 0 3 2 2 1 1 0 3 0 3 1 0 0 3 2 0 3 3 3 3 1 3 2 2 3 2 1 2 3 0 1 1 2 2 2 3 3 2 0 2 0 0 2 1 2 2 3 2 3 0 0 2 3 2 0 0 1 3 2 1 0 2 3 3 2 1 1 0 3 2 3 3 3 3 0 1 2 2 1 0 2 3 2 0 2 0 2 1 0 2 0 2 0 3 0 2 1 2 1 3 2 0 3 2
1 4 129 126 5 6 1 6 1 100 128 2 2 122 3 0
3 3 2 3
3 3 3 1 1 1 0 2 0 1 0 3 3 0 1 3 1 0 1 1 1 2 3 1 1 2 1 1 0 1 3 1 2 3 1 0 2 1 0 0 0 2 0 0 2 1 0 0 2 1 3 3 1 3 3 1 1 3 2 3 3 0 1 1 2 3 3 1 2 0 1 3 3 2 1 0 3 2 3 2 3 3 0 2 2 1 1 3 2 1 1 2 1 1 0 2 1 2 3 3 1 0 0 3 1 3 2 0 2 1 1 0 3 2 0 3 1 0 0 0 1 3 1 3 3 1 0 0 3
1 4 129 131 5 6 1 6 1 100 131 0 0 130 4 0
0 3 2 1
3 3 2 1 0 1 1 1 3 2 1 2 1 2 1 3 0 3 3 3 0 3 1 1 0 3 2 1 0 3 0 1 0 3 3 3 1 0 2 1 2 3 3 2 1 3 2 3 2 0 0 3 3 2 1 1 0 2 3 1 2 0 1 2 1 0 3 1 2 1 0 1 3 2 3 3 3 3 3 3 3 2 2 2 1 2 1 3 2 0 3 0 2 3 3 3 3 0 3 3 0 1 3 3 3 3 1 3 3 0 0 2 1 0 0 3 2 0 0 2 1 3 0 3 1 3 2 2 3
1 4 129 136 5 6 1 6 1 100 136 0 0 130 4 0
3 0 1 2
2 0 1 1 2 2 0 2 0 0 0 2 0 1 0 3 1 0 2 2 3 1 0 0 1 3 3 3 1 0 0 1 3 2 2 1 3 1 0 2 2 3 1 2 0 3 0 2 2 1 0 2 3 3 3 0 1 1 1 0 1 2 1 3 1 3 2 2 2 3 3 2 1 0 3 1 0 0 1 2 3 2 0 3 0 2 0 3 0 0 3 2 1 1 0 1 2 0 2 1 0 1 2 2 1 0 1 0 3 3 3 1 2 1 1 2 0 3 0 2 1 1 2 1 2 0 3 0 3
1 5 130 135 5 6 1 6 1 100 135 0 0 135 5 0
0 2 2 3 2
3 2 2 3 2 0 0 1 3 1 1 0 3 1 0 2 1 2 0 1 2 2 1 2 0 3 2 3 3 0 0 1 2 1 2 1 3 2 2 3 1 2 0 3 2 0 2 3 0 1 2 0 0 0 2 1 3 2 1 3 0 1 0 1 1 0 3 2 0 1 2 1 1 3 2 1 1 0 1 0 1 0 0 0 3 1 1 0 1 2 2 1 0 0 0 0 0 0 1 2 0 1 0 2 0 0 1 2 3 2 1 3 2 2 0 0 2 1 2 2 1 2 1 2 3 0 3 3 2 0
1 6 131 139 5 6 1 6 1 100 140 6 6 140 6 0
3 0 3 2 2 2
2 0 3 2 2 2 2 2 3 3 0 2 1 2 1 1 0 2 0 3 3 3 3 0 0 1 2 3 0 0 1 0 2 3 1 0 1 0 0 3 3 2 0 0 0 1 1 0 3 3 0 0 0 3 0 0 1 0 0 3 0 2 3 3 2 3 2 2 1 2 0 3 0 2 3 2 2 2 3 2 1 3 0 0 1 3 3 0 1 1 0 0 0 3 0 0 3 0 0 0 3 3 3 2 2 3 2 0 0 3 0 0 3 3 2 3 1 2 1 2 3 1 0 3 3 1 0 3 3 1 1
1 7 132 138 5 6 1 6 1 100 140 7 7 140 7 0
3 3 0 0 3 1 1
2 3 0 0 3 1 1 1 0 0 1 2 1 3 0 1 1 0 0 1 2 2 0 3 3 0 2 2 2 0 0 3 0 0 1 0 1 0 3 0 1 3 1 3 0 1 0 3 1 0 3 2 2 2 3 3 0 1 2 2 3 0 0 0 0 1 2 3 3 1 1 3 1 3 1 1 2 3 1 1 3 2 1 2 1 1 0 2 1 0 0 3 2 3 3 1 1 3 3 3 1 3 1 0 0 0 1 2 2 1 0 3 0 0 0 0 3 3 1 0 2 1 2 3 2 3 1 0 1 3 3 2
1 8 133 132 5 6 1 6 1 100 135 8 8 135 8 0
0 3 0 1 2 3 1 0
3 3 0 1 2 3 1 0 2 2 0 0 1 3 2 3 3 2 1 3 2 0 0 0 0 0 1 0 2 3 2 0 0 1 3 2 1 3 2 0 3 2 1 3 3 2 2 0 1 0 0 3 0 1 0 0 0 1 0 2 2 0 2 0 0 1 2 1 2 1 2 3 1 3 2 1 2 1 2 0 2 1 3 2 1 3 2 2 2 3 3 1 1 1 1 2 1 3 2 1 2 3 1 0 2 2 0 3 2 0 2 1 0 2 0 0 0 0 3 2 2 3 2 0 1 3 1 0 2 2 3 3 0
1 1 2 38 5 6 1 6 1 100 38 0 0 34 1 0
2
0 2
1 4 76 111 5 6 1 6 1 100 111 0 0 110 4 0
1 0 0 0
0 0 0 0 3 1 3 2 3 0 3 1 1 3 1 2 1 2 2 0 3 2 1 2 2 0 1 3 1 3 2 0 3 2 2 3 1 3 2 1 0 1 0 3 3 2 1 1 0 1 2 1 3 2 1 3 1 3 2 1 2 1 3 3 3 2 3 3 1 2 3 0 0 0 0 1
1 7 102 23 5 6 1 6 1 100 23 0 0 17 6 0
0 1 3 3 1 2 0
1 3 3 1 2 1 3 1 2 1 1 1 3 0 1 2 2 2 1 1 2 3 3 2 1 3 2 0 1 2 1 0 0 1 2 3 3 0 3 1 1 3 0 1 0 1 2 1 3 3 0 0 1 0 3 1 3 2 3 1 3 3 1 2 0 3 2 3 3 0 0 0 0 1 3 2 2 3 2 2 2 3 1 2 3 2 1 0 2 2 0 3 3 1 2 0 0 1 1 3 2 1
1 4 125 106 5 6 1 6 1 100 108 2 2 102 3 0
3 3 2 3
3 3 3 1 1 1 0 2 0 1 0 3 3 0 1 3 1 0 1 1 1 2 3 1 1 2 1 1 0 1 3 1 2 3 1 0 2 1 2 0 0 0 1 0 2 1 0 0 2 1 3 2 3 3 3 1 1 3 2 3 3 0 1 1 2 3 3 1 2 0 1 3 3 2 1 0 3 2 3 2 3 3 0 2 2 1 1 3 2 1 1 2 1 1 0 2 1 2 3 3 1 0 0 3 1 3 2 0 2 1 1 0 3 2 0 3 1 0 0 0 1 3 1 3 3
0 3 4 141 5 6 1 6 1 100 141 0 0 139 3 0
3 3 1
2 3 1 0
0 3 129 127 5 6 1 6 1 100 127 0 0 125 3 0
2 3 0
1 3 0 0 0 0 2 0 1 3 0 3 2 2 3 2 1 1 2 3 1 2 1 3 3 0 2 3 3 3 1 0 0 3 1 2 1 1 3 3 3 2 2 3 1 1 2 2 1 2 1 0 3 1 3 1 1 1 3 3 2 3 1 1 0 2 1 3 3 3 0 3 1 2 0 1 2 2 1 2 2 2 1 2 1 3 3 1 3 3 1 3 2 3 3 0 2 3 1 2 3 1 1 3 0 1 1 2 3 3 3 2 3 3 3 3 3 1 1 2 2 1 1 3 3 0 1 1 2
0 8 130 78 5 6 1 6 1 100 79 6 6 76 8 0
2 3 1 2 2 0 2 2
1 3 1 2 2 0 1 2 0 3 0 1 1 2 3 0 2 2 3 1 2 2 3 1 0 2 3 1 0 1 2 1 0 3 3 2 1 1 0 3 1 0 1 0 3 0 1 3 2 2 1 2 1 2 3 3 2 0 1 0 1 2 2 3 1 2 1 2 2 3 0 2 1 2 3 0 1 2 3 1 3 0 1 3 1 2 1 1 2 3 1 2 2 3 0 3 0 2 2 1 2 1 1 0 3 1 3 3 1 2 1 1 1 2 3 3 0 0 0 1 0 1 2 0 1 1 2 1 2 3
0 3 23 21 5 6 1 6 1 100 21 0 0 19 3 0
3 2 2
2 2 2 3 1 2 2 0 2 1 3 3 3 2 2 0 0 2 3 2 2 3 3
0 6 41 25 5 6 1 6 1 100 26 6 6 26 6 0
3 0 2 1 1 2
2 0 2 1 1 2 3 2 2 1 2 1 2 3 0 2 2 1 1 2 1 3 3 3 0 0 0 3 3 3 1 3 1 3 1 2 1 0 1 1 3
0 4 49 45 5 6 1 6 1 100 45 0 0 44 4 0
0 0 2 3
3 0 2 3 0 1 0 1 0 2 1 3 1 3 3 1 2 2 1 2 2 3 3 0 3 1 2 1 3 0 3 1 0 2 1 2 3 3 3 1 2 0 3 0 1 1 2 2 1
0 8 69 57 5 6 1 6 1 100 58 6 6 55 8 0
0 0 0 1 2 0 1 3
3 0 0 1 2 0 0 3 2 1 3 1 0 3 3 0 2 1 2 3 0 0 0 1 1 2 2 1 1 1 0 0 2 1 2 2 2 1 1 2 2 3 2 3 0 2 3 0 0 3 3 2 1 1 3 0 0 3 3 0 1 3 0 3 3 1 0 1 1
0 8 77 22 5 6 1 6 1 100 25 8 8 25 8 0
1 3 3 2 1 2 2 3
0 3 3 2 1 2 2 3 1 2 3 2 1 3 0 1 2 2 3 1 3 1 1 0 3 0 3 3 2 1 0 1 2 2 2 3 1 0 2 3 3 3 3 0 2 1 1 1 1 3 1 0 2 2 1 0 1 1 0 0 0 3 3 2 0 2 3 1 2 3 3 0 3 0 0 2 3
