200
0 2 3 148 5 6 1 6 1 100 148 0 0 145 2 0
1 0
0 0 3
0 3 4 147 5 6 1 6 1 100 147 0 0 145 3 0
1 1 2
0 1 2 3
0 13 21 137 5 6 1 6 1 100 145 13 13 145 13 0
3 3 3 2 1 2 1 1 0 1 2 0 1
2 3 3 2 1 2 1 1 0 1 2 0 1 1 3 1 3 3 1 3 0
0 19 33 122 5 6 1 6 1 100 136 19 19 136 19 0
0 3 0 3 1 2 1 3 0 0 3 3 3 3 0 2 2 2 0
3 3 0 3 1 2 1 3 0 0 3 3 3 3 0 2 2 2 0 3 0 0 0 0 0 2 3 1 0 2 1 3 0
0 21 37 120 5 6 1 6 1 100 136 21 21 136 21 0
1 3 3 3 2 1 1 0 1 2 1 2 2 3 1 2 1 1 1 2 0
0 3 3 3 2 1 1 0 1 2 1 2 2 3 1 2 1 1 1 2 0 3 0 3 3 3 0 0 0 2 1 3 1 3 1 0 0
0 23 41 127 5 6 1 6 1 100 145 23 23 145 23 0
3 0 1 2 2 2 3 1 3 2 1 3 2 2 3 1 2 3 2 0 0 0 3
2 0 1 2 2 2 3 1 3 2 1 3 2 2 3 1 2 3 2 0 0 0 3 0 2 1 0 2 1 2 2 3 0 1 2 0 2 3 2 1 3
0 25 45 125 5 6 1 6 1 100 145 25 25 145 25 0
0 0 1 1 3 3 3 3 1 3 3 3 2 0 1 1 1 3 2 0 1 3 1 2 1
3 0 1 1 3 3 3 3 1 3 3 3 2 0 1 1 1 3 2 0 1 3 1 2 1 2 3 2 0 2 3 2 2 1 2 1 2 0 1 1 0 3 0 0 3
0 28 51 113 5 6 1 6 1 100 136 28 28 136 28 0
1 3 2 2 3 1 0 2 3 1 0 0 1 2 3 1 2 3 3 0 0 3 3 3 2 1 1 0
0 3 2 2 3 1 0 2 3 1 0 0 1 2 3 1 2 3 3 0 0 3 3 3 2 1 1 0 3 3 3 3 1 2 1 1 2 3 0 2 0 0 3 3 1 2 2 3 1 1 0
0 31 57 111 5 6 1 6 1 100 137 31 31 137 31 0
1 0 2 2 2 1 2 2 1 1 0 1 2 0 1 1 0 1 2 3 1 3 0 1 2 0 2 1 3 2 2
0 0 2 2 2 1 2 2 1 1 0 1 2 0 1 1 0 1 2 3 1 3 0 1 2 0 2 1 3 2 2 1 1 2 0 1 1 3 3 3 1 0 1 3 3 3 0 2 2 0 1 1 2 0 1 3 2
0 2 126 126 5 6 1 6 1 100 126 0 0 123 2 0
0 1
3 1 0 1 0 2 2 1 0 3 3 2 3 0 3 3 2 3 3 2 2 3 0 1 2 2 1 2 2 3 2 2 3 2 2 3 1 2 1 2 3 2 0 1 2 1 2 1 3 0 3 3 0 2 2 2 3 3 0 1 2 3 2 3 3 0 1 1 3 2 2 3 1 3 3 2 1 2 0 1 2 2 0 0 1 2 0 2 0 0 2 1 2 1 0 3 3 0 1 0 0 0 2 2 3 1 2 3 0 2 1 2 2 3 2 1 1 2 2 0 1 0 2 1 1 3
0 12 129 42 5 6 1 6 1 100 49 12 12 49 12 0
3 1 2 2 1 2 2 3 1 2 3 3
2 1 2 2 1 2 2 3 1 2 3 3 2 3 0 2 3 3 3 0 1 2 1 2 3 1 2 2 3 1 2 1 0 0 3 2 3 3 2 2 0 2 1 1 1 3 0 0 1 0 2 1 0 0 1 0 3 2 3 3 2 3 1 1 1 2 1 3 0 0 0 1 2 0 2 2 2 1 2 3 1 0 1 3 3 3 2 2 1 0 1 3 3 3 3 0 1 1 2 2 1 0 2 3 1 1 1 0 0 1 2 2 3 0 3 2 3 1 3 2 3 2 2 2 3 2 2 3 0
0 7 132 43 5 6 1 6 1 100 45 7 7 45 7 0
1 1 1 3 3 1 3
0 1 1 3 3 1 3 1 3 3 3 0 1 1 3 3 3 0 3 3 3 3 3 1 3 3 2 0 1 3 2 3 2 2 1 2 1 3 0 2 3 3 3 3 3 3 2 2 3 3 3 3 3 2 0 1 2 3 3 0 3 2 2 2 3 2 3 1 2 1 0 1 3 0 3 0 3 1 3 0 2 1 2 3 0 0 3 3 0 2 0 0 0 3 3 3 3 2 3 1 2 1 0 0 1 3 2 3 1 3 3 1 2 2 3 0 3 3 3 3 0 3 3 1 2 3 3 2 2 1 3 3
0 31 135 77 5 6 1 6 1 100 98 31 31 98 31 0
1 1 3 0 2 1 2 1 1 3 3 1 0 2 1 2 0 2 2 1 2 3 1 2 1 1 1 2 3 3 3
0 1 3 0 2 1 2 1 1 3 3 1 0 2 1 2 3 2 2 1 2 3 1 2 1 1 1 2 3 3 3 3 1 3 1 1 2 0 2 1 0 2 2 0 0 0 2 2 1 2 2 0 2 1 2 0 1 0 1 3 0 0 2 3 1 0 0 3 1 1 2 3 2 2 0 3 2 1 3 2 1 1 0 3 2 1 3 0 0 0 3 0 3 3 2 1 2 2 2 1 2 2 3 3 1 0 1 1 0 1 1 3 0 3 3 3 3 0 0 1 1 0 2 3 0 2 0 1 0 1 0 1 3 2 0
0 20 139 52 5 6 1 6 1 100 62 20 20 62 20 0
3 2 2 3 2 3 0 3 0 3 1 1 0 2 3 2 2 3 1 2
2 2 2 3 2 3 0 3 0 2 1 1 0 2 3 2 2 3 1 2 1 2 2 0 1 1 0 2 3 2 1 2 1 1 2 1 3 2 3 3 0 0 2 3 2 2 3 1 2 3 2 2 3 3 0 1 1 2 0 0 0 0 0 2 2 3 1 3 2 0 2 0 1 1 2 0 3 3 2 1 1 0 2 1 0 3 0 1 2 3 2 2 1 2 2 0 1 3 1 2 1 1 3 1 0 1 1 0 2 3 0 2 3 2 2 3 2 0 0 0 2 2 3 1 0 0 2 0 1 2 1 3 0 1 1 2 0 3 3
0 24 140 19 5 6 1 6 1 100 38 24 24 38 24 0
0 0 1 0 3 0 0 1 0 1 0 2 3 1 0 0 2 0 1 2 3 0 3 1
3 0 1 0 3 0 0 1 0 1 0 2 3 1 0 0 2 0 1 2 3 0 3 1 3 3 3 1 3 3 2 1 3 0 2 1 2 2 0 0 0 2 3 1 2 1 1 3 0 1 3 2 1 1 2 1 2 3 0 0 0 2 1 1 2 3 3 2 2 1 2 2 2 3 1 0 2 1 2 2 0 0 2 0 0 0 3 3 3 2 0 2 1 0 1 1 0 0 2 3 1 1 2 2 3 2 1 1 1 2 0 1 2 1 2 1 1 2 3 3 1 1 3 3 0 1 1 2 1 0 2 0 0 0 0 3 3 1 3 1
0 24 143 58 5 6 1 6 1 100 77 24 24 77 24 0
1 1 2 2 1 2 1 2 1 0 0 3 0 0 1 2 0 0 3 0 1 2 0 0
0 1 2 2 1 2 1 2 1 0 0 3 0 0 1 2 0 0 3 0 1 2 0 0 2 1 0 3 0 1 2 2 0 0 2 2 0 2 1 1 3 0 3 2 1 3 3 0 3 0 3 0 0 3 0 1 3 2 1 2 2 1 1 0 0 1 2 2 3 2 2 3 2 2 3 0 0 3 0 2 3 1 0 3 0 1 1 0 1 2 0 1 0 0 2 1 2 2 0 0 2 0 2 2 3 2 2 0 1 1 1 0 0 0 2 2 3 2 2 3 3 2 1 1 1 1 2 1 3 3 3 3 0 1 0 0 1 1 1 1 2 2 3
0 21 145 61 5 6 1 6 1 100 77 21 21 77 21 0
1 2 3 2 3 1 3 1 0 2 3 2 1 3 0 2 1 0 0 3 1
0 2 3 2 3 1 3 1 0 2 3 2 1 3 0 2 1 0 0 3 1 2 3 3 0 0 1 2 1 0 3 0 0 2 1 3 0 2 1 2 0 1 2 3 2 1 3 3 2 2 3 1 3 2 1 0 0 0 1 1 0 1 2 2 0 0 2 0 0 2 2 1 3 3 2 3 2 1 1 2 0 0 3 3 0 3 2 2 1 3 0 3 2 2 3 2 3 3 0 1 0 0 2 2 1 1 1 3 3 1 2 1 3 3 0 0 0 0 2 0 0 2 3 2 2 2 2 2 3 0 2 0 2 0 0 2 3 2 1 2 3 1 1 3 3
0 20 146 20 5 6 1 6 1 100 35 20 20 35 20 0
2 2 0 2 0 1 1 0 2 3 1 3 1 3 1 3 0 3 1 2
1 2 0 2 0 1 1 0 2 3 1 3 1 3 1 3 0 3 1 2 0 2 1 2 2 3 2 1 0 2 1 2 1 3 2 2 0 1 1 3 1 0 1 3 3 0 1 1 2 0 1 2 0 0 1 2 2 3 1 1 3 2 1 1 2 0 1 3 0 3 3 1 2 2 2 1 3 3 2 3 3 2 1 0 1 3 2 2 1 0 1 1 3 2 1 1 2 1 1 0 1 1 0 2 2 1 3 2 2 2 3 2 3 1 2 1 0 1 0 3 1 0 0 1 2 2 2 0 1 2 3 3 2 1 1 2 1 1 1 0 0 3 2 2 1 2
0 28 147 22 5 6 1 6 1 100 45 28 28 45 28 0
0 0 0 2 1 1 2 1 0 3 3 0 2 0 0 2 2 0 1 1 0 2 3 2 2 3 2 3
3 0 0 2 1 1 2 1 0 3 3 0 2 0 0 2 2 0 1 1 0 2 3 2 2 3 2 3 3 2 2 3 3 3 2 3 1 2 1 2 3 3 2 2 3 1 0 0 0 1 2 2 1 0 0 1 3 3 3 0 2 3 3 0 2 0 2 0 0 2 1 3 1 3 1 0 2 1 1 1 3 3 1 3 3 1 0 2 3 0 2 2 2 3 1 0 2 3 2 3 2 0 1 2 1 2 0 0 2 1 2 2 1 0 3 3 0 3 2 2 3 1 1 0 0 1 1 1 3 0 1 2 2 2 3 1 2 3 1 2 3 1 3 3 0 1 0
0 27 149 88 5 6 1 6 1 100 105 27 27 105 27 0
1 1 0 0 2 2 3 2 0 0 2 1 1 0 1 0 0 0 0 0 2 3 0 2 0 0 2
0 1 0 0 2 2 3 1 0 0 2 1 1 0 1 0 0 0 0 0 2 3 0 2 0 0 2 1 2 1 2 2 0 0 2 2 1 0 3 0 0 2 0 1 3 0 3 1 2 0 3 2 3 2 2 1 0 0 3 3 2 3 0 3 1 2 1 0 0 3 2 2 0 2 1 2 2 3 1 0 0 2 1 0 2 1 3 0 3 1 2 2 3 3 0 2 0 0 0 0 1 3 2 3 0 3 0 0 3 3 1 3 3 3 2 3 3 3 2 2 2 1 3 2 1 2 2 3 3 3 3 1 3 2 1 2 3 3 3 0 0 1 0 0 0 3 0 3 0
0 32 150 23 5 6 1 6 1 100 40 32 32 40 32 0
2 2 2 2 2 1 2 2 3 1 2 0 1 2 0 1 1 1 1 0 3 0 2 2 2 1 2 1 3 1 2 3
1 2 2 1 2 1 2 2 3 1 2 0 1 2 0 1 1 1 0 0 3 0 2 2 2 1 2 1 3 1 2 3 3 3 0 2 2 1 2 2 3 1 1 2 3 2 3 1 3 0 0 3 3 0 1 1 0 2 0 1 1 3 3 3 0 1 1 2 0 0 0 2 2 0 2 3 1 2 1 2 0 1 3 1 1 3 3 3 3 3 2 1 2 1 2 3 2 0 1 2 1 3 1 3 3 3 3 3 1 0 2 1 2 2 1 2 1 3 3 1 0 3 3 2 3 3 3 3 0 1 1 3 0 1 1 0 1 2 3 3 3 0 1 2 3 2 2 3 0 2
0 19 33 85 5 6 1 6 1 100 94 19 19 94 19 0
3 2 2 0 1 3 3 0 2 0 1 2 0 2 3 3 0 1 2
2 2 2 0 1 3 3 0 2 3 1 2 0 2 3 3 0 1 2 2 0 0 1 2 0 0 2 0 2 3 3 1 0
0 8 43 31 5 6 1 6 1 100 34 8 8 34 8 0
0 3 3 0 1 0 0 0
3 3 3 0 1 0 0 0 3 0 2 1 0 2 1 1 0 3 3 1 2 2 1 3 2 2 3 0 2 3 0 1 1 1 2 1 3 3 2 1 0 2 0
0 13 50 28 5 6 1 6 1 100 31 13 13 31 13 0
0 0 0 0 3 2 2 3 0 1 3 2 0
3 0 0 0 2 2 2 3 0 1 3 2 0 0 0 2 0 1 2 0 3 0 2 2 0 0 1 2 2 1 2 1 2 3 0 0 0 1 2 3 0 0 3 0 0 3 3 2 2 3
0 8 59 47 5 6 1 6 1 100 50 8 8 50 8 0
2 3 3 3 3 3 0 3
1 3 3 3 3 3 0 3 2 2 1 2 2 2 3 2 1 2 1 2 3 3 2 3 3 2 0 2 1 1 2 3 0 0 1 1 2 3 2 2 1 0 2 0 3 0 2 3 1 1 3 3 1 0 2 3 3 2 2
0 18 66 23 5 6 1 6 1 100 36 18 18 36 18 0
3 0 0 2 1 2 2 1 3 2 3 1 0 1 3 3 0 0
2 0 0 2 1 2 2 1 3 2 3 1 0 1 3 3 0 0 2 3 1 2 3 1 0 3 3 1 2 1 2 2 1 0 2 3 1 3 2 2 3 1 3 3 3 3 1 3 1 3 0 0 0 0 2 0 0 1 0 2 2 2 1 2 3 0
0 18 66 23 5 6 1 6 1 100 36 18 18 36 18 0
3 0 0 2 1 2 2 1 3 2 3 1 0 1 3 3 0 0
2 0 0 2 1 2 2 1 3 2 3 1 0 1 3 3 0 0 2 3 1 2 3 1 0 3 3 1 2 1 2 2 1 0 2 3 1 3 2 2 3 1 3 3 3 3 1 3 1 3 0 0 0 0 2 0 0 1 0 2 2 2 1 2 3 0
0 25 69 23 5 6 1 6 1 100 43 25 25 43 25 0
2 1 0 1 1 2 3 3 3 2 1 2 1 2 3 1 2 3 1 2 1 0 3 0 0
1 1 0 1 1 2 3 3 3 2 1 2 1 2 3 1 2 3 1 2 1 0 3 0 0 1 1 1 1 2 3 3 3 0 2 1 1 2 3 3 3 3 3 3 0 1 1 0 2 1 3 0 1 3 3 0 0 1 1 1 1 2 3 2 0 1 1 1 3
0 5 73 47 5 6 1 6 1 100 47 0 0 47 5 0
2 1 0 2 3
0 1 0 2 3 1 2 2 0 1 2 2 1 0 1 3 2 1 1 0 2 3 0 3 2 2 1 1 0 3 3 3 1 3 0 3 1 0 1 2 1 2 1 0 2 3 2 1 1 1 2 1 3 0 3 2 1 1 0 0 3 0 2 2 1 1 2 2 3 2 3 0 1
0 29 74 20 5 6 1 6 1 100 39 29 29 39 29 0
3 2 2 1 1 0 0 3 3 3 3 3 2 1 0 1 1 2 3 3 2 0 1 3 1 2 1 2 1
2 2 2 1 1 0 0 3 3 3 3 3 2 1 0 1 1 2 3 3 2 3 1 3 1 2 1 2 1 3 3 1 2 2 2 0 1 2 0 1 2 1 2 3 3 1 2 2 1 1 3 3 0 1 1 3 0 1 3 3 3 3 0 2 3 3 1 2 0 0 2 2 3 1
0 26 79 31 5 6 1 6 1 100 52 26 26 52 26 0
0 3 3 0 2 3 2 2 3 2 0 1 3 1 1 3 2 1 1 0 3 0 0 3 2 1
3 3 3 0 2 3 2 2 3 2 0 1 3 1 1 3 2 1 1 0 3 0 0 3 2 1 1 1 2 2 0 0 1 1 1 1 3 0 1 2 2 3 2 2 2 0 2 3 3 0 1 1 3 2 1 0 1 3 1 2 0 0 0 2 2 1 0 1 1 2 2 0 2 0 0 3 0 0 0
0 21 81 20 5 6 1 6 1 100 36 21 21 36 21 0
2 2 3 2 0 1 1 3 3 1 2 1 1 2 0 0 3 2 1 1 2
1 2 3 2 0 1 1 3 3 1 2 1 1 2 0 0 3 2 1 1 2 0 1 1 2 3 1 3 0 1 3 3 3 2 1 0 1 3 0 1 1 0 3 3 3 0 3 0 0 0 1 2 1 2 2 1 1 1 0 1 1 0 1 1 2 1 0 2 0 2 2 1 2 3 3 2 2 1 2 1 0
0 6 83 55 5 6 1 6 1 100 56 6 6 56 6 0
0 3 0 3 2 3
3 3 0 3 2 3 0 3 1 2 3 2 1 3 0 0 1 3 0 0 3 3 3 0 3 3 2 2 0 0 3 3 0 3 3 2 3 3 0 1 2 2 1 3 2 1 0 0 3 0 1 0 2 1 1 2 3 0 0 0 0 0 0 0 3 0 2 3 1 3 0 3 3 3 0 2 2 2 2 0 0 1 0
0 15 83 57 5 6 1 6 1 100 67 15 15 67 15 0
2 1 0 3 2 3 2 0 1 2 3 0 2 0 0
1 1 0 3 2 3 2 0 1 2 3 0 2 0 0 2 3 2 3 1 2 1 3 1 0 0 2 3 3 0 0 0 2 3 2 0 1 3 1 0 2 0 2 1 1 1 0 1 1 3 1 3 2 3 1 2 2 0 1 1 2 2 3 0 2 3 0 0 3 2 1 2 2 3 0 0 2 1 0 1 2 3 1
0 23 84 28 5 6 1 6 1 100 41 23 23 41 23 0
3 2 2 2 3 2 3 2 0 1 3 1 1 0 3 1 3 3 2 3 0 1 3
2 2 2 2 3 2 3 2 3 1 3 1 1 0 3 1 3 3 2 3 0 1 3 2 0 1 0 3 3 2 1 3 2 0 0 0 0 0 2 2 1 3 3 2 0 0 1 3 3 2 0 2 1 3 2 1 3 3 3 1 2 2 0 1 2 0 1 1 3 3 1 2 2 2 0 2 2 3 1 1 3 0 3 3
0 20 86 50 5 6 1 6 1 100 60 20 20 60 20 0
0 2 3 0 0 1 1 0 2 3 1 3 1 3 3 2 2 2 1 0
3 2 3 0 0 1 1 0 2 3 1 3 1 2 3 2 2 2 1 0 3 0 0 0 3 2 1 3 2 2 1 0 1 3 3 3 2 2 1 1 2 1 3 3 3 0 2 2 3 2 0 3 2 1 1 0 2 1 2 1 0 0 2 2 1 1 2 1 1 1 1 0 2 0 1 0 1 1 0 0 1 0 0 0 2 3
0 8 87 75 5 6 1 6 1 100 78 8 8 78 8 0
2 1 2 3 3 3 3 1
1 1 2 3 3 3 3 1 0 1 2 0 1 1 2 1 2 3 3 3 0 1 3 3 0 0 3 2 1 1 2 1 1 2 0 1 2 1 0 1 1 2 1 1 2 2 0 1 0 1 1 0 2 0 1 1 2 1 1 1 0 1 1 0 0 0 0 3 2 0 2 0 1 2 2 3 3 2 2 3 2 1 1 0 2 3 0
0 26 90 28 5 6 1 6 1 100 44 26 26 44 26 0
1 3 1 2 2 0 0 1 2 1 0 3 3 3 2 2 2 1 2 3 3 0 2 3 3 3
0 3 1 2 2 0 0 1 2 1 0 3 3 3 2 2 2 1 2 2 3 0 2 3 3 3 2 1 2 0 1 1 0 3 1 0 3 3 2 1 3 3 1 1 0 0 3 0 1 3 3 0 1 1 0 1 0 0 1 3 1 0 2 1 2 1 2 1 2 2 0 3 3 0 3 0 0 0 2 1 0 0 1 2 3 3 2 1 1 0
0 24 91 47 5 6 1 6 1 100 66 24 24 66 24 0
1 3 2 2 1 3 3 3 0 0 2 0 2 3 2 3 3 0 2 0 0 2 0 0
0 3 2 2 1 3 3 3 0 0 2 0 2 3 2 3 3 0 2 0 0 2 0 0 2 3 3 1 1 0 0 1 1 2 3 3 3 0 0 2 3 0 2 1 3 1 1 2 1 3 0 2 0 0 0 0 3 0 3 0 2 3 0 0 2 2 3 1 2 2 2 3 2 3 0 3 1 2 2 1 3 0 3 3 3 3 3 2 3 2 3
0 26 93 45 5 6 1 6 1 100 66 26 26 66 26 0
2 3 0 1 2 0 0 2 1 2 3 2 0 2 2 1 2 1 3 2 1 1 0 0 0 2
1 3 0 1 2 0 0 2 1 2 3 2 0 2 2 1 2 1 3 2 1 1 0 0 0 2 0 1 1 2 1 0 3 2 2 1 1 3 1 3 2 1 3 1 1 3 0 2 0 2 1 2 2 1 2 2 3 2 2 3 2 0 1 2 2 1 2 2 0 0 2 0 1 1 0 2 2 2 3 1 1 0 2 1 3 2 3 3 0 2 2 3 1
0 29 94 29 5 6 1 6 1 100 47 23 23 43 29 0
0 2 1 3 2 2 2 3 1 0 3 3 0 0 2 3 3 0 0 0 2 0 0 3 0 0 0 1 3
3 2 1 3 2 2 2 3 1 0 3 3 0 0 2 3 3 0 0 0 2 0 0 2 0 0 0 1 2 0 0 3 3 2 2 2 2 3 2 0 0 0 2 3 0 2 3 2 1 2 2 1 2 2 3 3 0 3 3 0 1 1 2 1 3 0 2 1 0 1 1 2 3 1 1 0 3 2 3 1 2 1 2 2 2 0 1 0 0 0 3 2 1 3
0 8 98 32 5 6 1 6 1 100 35 8 8 35 8 0
0 0 3 1 2 1 0 0
3 0 3 1 2 1 0 0 0 2 1 2 1 3 0 2 1 2 2 3 1 1 0 3 3 0 0 1 0 1 0 1 1 0 0 1 3 1 1 2 0 0 1 0 0 0 2 3 2 3 3 2 2 2 1 2 3 2 2 0 1 2 1 3 0 1 0 2 1 2 0 0 0 2 1 1 0 0 2 2 3 1 3 2 1 0 0 1 3 3 0 3 1 1 1 1 1 2
0 14 99 41 5 6 1 6 1 100 45 14 14 45 14 0
2 0 2 1 1 1 0 3 3 2 1 2 3 2
1 0 1 1 1 1 0 3 3 2 1 2 3 2 3 0 1 3 2 2 3 3 0 1 2 2 2 3 0 3 0 0 1 2 2 2 0 1 2 3 3 3 2 1 2 0 1 2 3 0 3 0 1 1 2 1 3 1 2 0 0 2 3 3 3 0 3 2 3 0 2 1 2 0 2 3 2 2 3 1 2 2 2 1 0 0 2 1 2 0 0 0 3 2 1 2 3 3 3
0 4 103 99 5 6 1 6 1 100 99 0 0 98 4 0
2 1 3 3
1 1 3 3 3 3 0 3 2 0 3 0 2 2 3 3 3 2 2 3 0 1 3 3 1 2 2 1 0 0 1 3 0 0 0 0 0 3 0 1 1 0 2 3 2 0 3 0 3 3 1 1 3 3 1 3 2 3 0 2 3 3 1 2 0 3 0 0 0 1 2 2 1 3 3 3 0 1 1 1 2 0 0 2 3 3 3 0 1 0 0 0 0 2 1 0 3 2 3 0 2 2 3
0 9 105 27 5 6 1 6 1 100 31 9 9 31 9 0
1 0 0 3 2 1 2 3 3
0 0 0 3 2 1 2 3 3 3 0 0 0 1 2 1 0 1 2 2 3 3 3 3 0 0 0 0 2 3 0 0 2 3 0 3 3 3 1 3 3 3 3 3 0 0 1 3 1 3 3 2 0 0 3 2 0 2 3 3 3 0 0 0 2 0 0 0 1 3 1 0 1 0 3 3 3 0 0 0 0 3 1 0 2 3 2 0 3 0 0 0 0 2 0 3 3 0 3 0 1 3 0 1 3
0 28 106 54 5 6 1 6 1 100 72 23 23 72 28 0
2 2 3 2 0 1 1 1 1 2 0 1 1 2 1 2 0 1 1 2 3 2 3 0 3 3 3 2
1 2 3 2 0 1 1 1 1 2 0 1 1 2 1 2 0 1 1 2 3 2 3 3 3 3 3 2 0 1 1 0 1 3 2 2 3 0 1 0 0 2 2 3 0 2 0 1 3 0 1 1 3 0 2 0 0 3 1 0 2 3 1 2 0 0 0 3 2 3 2 0 0 0 3 0 0 1 0 0 0 0 1 0 2 0 1 0 1 1 0 0 0 0 0 3 1 0 1 2 0 1 1 1 2 1
0 3 110 41 5 6 1 6 1 100 41 0 0 39 3 0
1 0 0
0 0 0 1 0 0 0 1 0 0 3 0 0 1 0 2 1 2 1 0 0 0 1 2 3 0 0 3 3 1 2 1 1 3 3 2 1 2 0 1 3 2 3 1 0 2 2 2 3 1 3 3 1 0 3 0 0 0 0 2 2 1 1 2 0 0 0 0 2 0 1 3 0 2 2 0 3 3 2 1 0 0 1 0 2 2 0 1 3 0 0 1 2 2 1 2 2 0 0 1 0 0 0 3 0 0 3 0 0 1
0 26 110 61 5 6 1 6 1 100 82 26 26 82 26 0
3 1 2 1 0 2 0 2 0 2 0 3 3 2 1 0 0 0 2 3 2 3 3 0 2 1
2 1 2 1 0 2 0 2 0 2 0 3 3 2 1 0 0 0 2 3 2 3 3 0 2 1 2 3 3 3 3 0 1 3 0 2 0 2 3 0 1 3 2 2 2 1 2 1 3 0 3 2 2 1 2 2 1 3 3 0 1 0 2 0 1 1 2 1 1 3 1 1 0 1 1 3 1 0 0 0 1 3 3 1 0 1 3 3 3 1 1 0 1 3 3 1 2 1 0 3 2 2 1 0 1 2 3 0 0 2
0 2 113 20 5 6 1 6 1 100 20 0 0 17 2 0
0 2
3 2 2 0 1 0 3 2 2 3 1 3 2 0 0 1 0 1 2 3 1 3 3 3 0 2 2 0 2 2 3 1 2 2 0 1 2 2 0 0 2 0 0 2 0 1 3 0 3 0 3 0 3 0 0 3 3 3 0 3 3 1 3 3 0 3 3 1 3 0 1 0 3 1 2 1 1 3 1 0 0 1 0 0 0 0 0 1 0 1 0 0 0 3 2 3 3 3 2 3 3 0 1 1 2 0 2 0 3 2 3 2 0
0 6 114 56 5 6 1 6 1 100 57 6 6 57 6 0
3 2 1 1 3 2
2 2 1 1 3 2 0 1 1 3 3 1 3 3 1 3 0 2 0 1 0 0 0 1 0 2 0 2 0 1 2 1 2 1 0 2 2 1 3 3 0 3 0 0 1 3 3 2 0 1 2 0 1 2 2 1 1 3 3 1 1 2 2 3 1 0 0 0 3 3 3 0 3 2 2 3 2 1 0 2 1 3 0 0 0 0 1 3 1 2 3 0 2 0 1 2 3 0 3 0 0 1 1 2 1 3 3 1 3 3 3 2 2 1
0 1 117 25 5 6 1 6 1 100 25 0 0 21 1 0
2
1 3 3 3 1 3 1 2 3 1 3 0 1 3 3 2 2 1 2 3 0 0 3 0 0 1 3 3 3 2 1 2 1 2 3 1 2 1 3 0 1 1 2 2 0 1 3 2 1 0 0 0 2 3 2 0 3 0 3 3 3 1 2 2 3 0 0 1 3 0 2 3 1 1 0 0 2 1 2 1 2 2 1 3 3 1 1 2 2 3 1 2 3 3 0 0 3 1 0 1 3 3 0 2 3 1 1 2 3 3 0 1 1 1 0 1 1
0 15 119 86 5 6 1 6 1 100 96 15 15 96 15 0
3 0 2 1 3 0 0 1 2 3 3 1 3 0 3
2 0 2 1 3 0 0 1 2 3 3 1 3 0 3 1 0 0 0 1 2 3 0 2 3 0 0 2 0 3 3 3 0 2 0 3 3 1 0 0 0 1 0 3 0 0 2 3 0 0 3 0 0 2 3 1 0 0 0 0 0 2 0 0 0 1 3 0 3 3 2 3 0 0 3 0 2 0 1 1 0 0 1 3 0 0 2 0 0 2 3 3 3 3 0 0 0 2 0 0 0 3 0 0 3 1 3 0 0 2 2 0 0 3 0 2 3 0 0
0 22 123 44 5 6 1 6 1 100 61 22 22 61 22 0
0 3 2 0 1 0 3 1 1 3 3 3 3 0 0 3 1 3 3 3 0 3
3 3 2 0 1 0 3 1 1 3 3 3 3 0 0 3 1 3 3 3 0 3 1 3 1 3 2 3 1 3 0 3 3 3 0 1 3 3 3 3 3 1 3 3 3 3 2 3 3 2 3 2 0 0 3 1 2 1 3 1 1 3 1 1 3 2 2 3 1 1 2 0 2 0 1 0 0 0 2 1 2 2 3 1 0 0 1 3 0 1 1 2 1 1 1 1 3 2 0 2 1 2 3 3 1 3 0 0 3 3 1 2 3 1 1 3 2 3 2 1 3 0 0
0 18 125 28 5 6 1 6 1 100 41 18 18 41 18 0
3 3 3 3 1 0 3 0 0 2 0 2 1 1 2 1 0 0
2 3 3 3 1 0 3 0 0 2 0 2 1 1 2 1 0 0 1 3 2 3 3 0 3 2 1 0 0 1 2 1 0 1 3 3 3 3 2 2 3 3 3 1 3 1 1 0 1 2 2 3 2 1 2 3 0 0 1 3 0 1 0 0 3 0 0 0 2 3 1 0 2 0 1 0 3 0 0 0 2 1 3 1 2 3 0 3 0 2 1 0 2 1 3 1 2 2 1 2 1 2 3 1 1 0 1 2 1 0 3 3 0 3 0 0 2 2 3 2 2 1 0 2 3
0 27 125 75 5 6 1 6 1 100 97 27 27 97 27 0
2 1 0 1 2 3 1 1 0 0 3 3 2 1 1 0 3 3 3 1 0 2 2 1 0 1 2
1 1 0 1 2 3 1 1 0 0 3 3 2 1 1 0 3 3 3 1 0 2 2 1 0 1 2 2 3 3 3 3 0 2 3 2 2 1 0 0 2 2 1 1 0 1 1 3 2 1 2 3 3 2 1 1 3 3 1 3 3 2 3 1 1 0 0 2 1 2 1 3 3 2 1 0 1 2 0 1 1 2 2 3 1 1 3 3 2 3 0 2 0 1 1 0 3 1 2 3 3 3 3 0 3 0 2 0 0 1 3 0 1 1 2 1 0 0 3 2 0 1 0 3 2
0 2 127 88 5 6 1 6 1 100 88 0 0 85 2 0
1 2
0 2 1 0 3 0 1 1 2 3 3 1 0 0 0 2 3 0 0 0 1 1 2 0 1 3 0 3 0 3 3 2 2 0 3 3 3 1 3 3 0 2 3 3 1 3 2 1 3 0 2 2 1 1 0 3 2 1 2 1 0 1 3 0 0 0 0 2 0 0 0 0 2 3 2 3 0 0 3 3 0 2 0 1 1 0 2 3 3 0 3 3 2 2 0 0 1 3 3 0 3 3 0 0 1 3 1 1 1 3 0 1 3 2 2 0 2 3 0 0 0 3 3 0 2 0 2
1 7 9 128 5 6 1 6 1 100 128 0 0 125 7 0
1 0 2 0 0 0 2
0 3 2 0 0 0 2 0 0
1 14 23 126 5 6 1 6 1 100 130 14 14 130 14 0
1 2 1 3 1 0 2 1 2 0 3 2 1 2
0 2 1 2 1 0 2 1 2 0 3 2 1 2 3 3 2 0 2 1 3 0 0
1 10 36 125 5 6 1 6 1 100 135 10 10 135 10 0
1 2 3 3 3 3 1 3 2 0
1 2 3 3 3 3 1 3 2 0 0 0 3 3 1 1 2 1 2 0 0 2 2 2 2 1 3 3 3 3 0 1 1 2 0 1
1 31 57 109 5 6 1 6 1 100 135 31 31 135 31 0
2 3 3 1 0 2 0 1 0 3 2 2 3 0 3 0 3 1 0 0 1 1 2 3 3 3 3 1 3 2 0
1 3 3 1 0 2 0 1 0 3 2 2 3 0 3 0 3 1 0 0 1 1 2 3 3 3 3 1 3 2 0 0 0 3 3 1 1 2 1 2 0 0 2 2 2 2 1 3 3 3 3 0 1 1 2 0 1
1 13 86 127 5 6 1 6 1 100 135 13 13 135 13 0
0 2 0 0 0 3 0 1 1 0 1 1 1
3 2 0 0 0 3 0 1 1 0 1 1 1 3 3 3 0 0 3 2 3 3 3 2 0 3 2 3 3 1 3 0 0 1 2 3 3 2 0 1 1 1 2 3 0 0 3 1 1 2 2 2 3 3 2 1 2 2 0 1 0 2 3 2 3 1 3 2 2 3 2 2 2 3 0 2 3 3 3 2 0 1 3 2 2 2
1 13 86 127 5 6 1 6 1 100 135 13 13 135 13 0
0 2 0 0 0 3 0 1 1 0 1 1 1
3 2 0 0 0 3 0 1 1 0 1 1 1 3 3 3 0 0 3 2 3 3 3 2 0 3 2 3 3 1 3 0 0 1 2 3 3 2 0 1 1 1 2 3 0 0 3 1 1 2 2 2 3 3 2 1 2 2 0 1 0 2 3 2 3 1 3 2 2 3 2 2 2 3 0 2 3 3 3 2 0 1 3 2 2 2
1 21 89 119 5 6 1 6 1 100 135 21 21 135 21 0
1 1 2 3 2 0 0 2 0 0 2 0 3 2 3 2 0 2 1 2 0
0 1 2 3 2 0 0 2 0 0 2 0 3 2 3 2 0 2 1 2 0 3 0 0 1 1 1 0 3 3 3 3 0 3 3 3 3 1 2 3 0 2 3 3 0 1 1 3 1 0 3 2 2 0 2 0 3 0 3 2 2 0 0 3 2 3 3 3 0 2 2 3 3 2 0 0 1 1 1 3 3 3 1 2 3 0 1 2 2
1 13 92 117 5 6 1 6 1 100 125 13 13 125 13 0
2 3 2 0 0 3 2 3 1 2 2 1 0
1 3 2 0 0 3 2 3 1 2 2 1 0 0 1 3 0 1 0 3 3 2 3 1 2 2 3 2 1 2 0 3 0 3 3 3 2 2 3 2 0 3 2 0 3 2 0 2 2 3 2 1 2 2 2 3 2 0 0 1 3 2 1 2 1 2 2 1 2 2 1 2 0 0 3 1 3 2 0 0 3 0 3 3 2 1 1 0 0 1 2 2
1 23 97 117 5 6 1 6 1 100 135 23 23 135 23 0
1 3 2 3 1 1 2 2 0 0 0 3 0 1 1 0 0 3 1 0 1 3 3
0 3 2 3 1 1 2 2 0 0 0 3 0 1 1 0 0 3 1 0 1 3 3 3 3 3 1 0 2 1 0 3 1 0 0 1 2 1 1 0 1 1 2 3 3 1 0 3 1 0 1 3 1 2 1 2 1 1 1 2 0 1 3 2 3 0 2 1 1 1 0 1 3 3 1 2 2 1 3 1 1 1 0 2 1 3 3 3 3 1 3 2 1 1 0 2 1
1 26 105 106 5 6 1 6 1 100 122 26 26 122 26 0
3 2 0 2 2 3 2 0 2 0 0 1 2 1 2 2 1 0 0 3 3 1 1 1 0 3
2 2 3 2 2 3 2 0 2 0 0 1 2 1 2 2 1 0 0 3 3 1 1 1 0 3 1 0 1 3 1 1 0 2 2 2 0 1 2 0 1 1 2 1 1 0 2 0 0 3 0 1 1 2 1 1 0 1 1 3 0 1 0 1 1 2 1 3 3 3 3 2 1 1 1 2 2 3 0 0 0 1 1 0 0 1 0 1 2 0 3 0 1 2 1 1 1 0 2 3 1 0 1 1 2
1 27 113 113 5 6 1 6 1 100 126 18 18 125 27 0
1 2 1 0 2 1 1 1 3 3 3 3 3 1 2 3 2 2 1 2 1 0 2 3 3 2 1
0 2 1 0 2 1 1 1 3 3 3 3 3 1 2 3 2 2 2 1 1 0 2 3 3 2 1 3 3 2 0 2 1 2 1 1 0 2 3 3 1 0 3 1 3 3 1 0 0 1 3 2 0 2 0 1 2 3 3 0 3 1 2 2 0 0 0 0 1 0 2 1 0 3 1 0 1 2 3 3 2 0 2 0 3 1 2 3 3 3 3 2 1 0 2 1 2 1 1 3 2 0 1 2 1 2 1 3 3 1 2 1 2
1 21 115 114 5 6 1 6 1 100 125 21 21 125 21 0
0 2 0 2 1 0 2 2 1 0 0 0 0 0 3 2 2 1 2 2 0
3 2 0 2 1 3 2 2 1 0 0 0 0 0 3 2 2 1 2 2 0 0 2 3 0 0 1 0 1 1 1 2 0 1 0 1 2 0 3 3 1 2 3 3 0 3 3 0 1 2 0 0 0 0 0 1 0 2 1 0 2 0 3 2 0 3 2 2 0 2 1 0 3 2 0 0 2 3 2 1 2 3 0 1 3 2 0 0 2 2 3 2 2 2 3 3 3 1 2 1 1 3 0 3 0 3 0 1 1 2 0 0 0 2 1
1 28 118 102 5 6 1 6 1 100 125 28 28 125 28 0
2 0 2 1 2 2 0 3 2 3 2 1 0 2 1 1 0 2 1 3 1 3 2 1 3 0 1 2
1 0 2 1 2 2 0 3 2 3 2 1 0 2 1 1 0 2 1 3 1 3 2 1 3 0 1 2 2 3 2 1 3 2 2 3 1 3 2 0 0 3 0 3 3 2 2 0 2 2 3 1 0 2 0 1 0 2 2 0 3 3 1 0 0 3 0 1 1 0 0 3 3 3 2 3 3 2 1 3 1 2 2 1 2 0 2 0 0 0 0 3 1 1 0 3 1 0 2 1 2 1 1 1 2 0 3 1 3 3 1 0 0 3 2 2 1 3
1 22 123 112 5 6 1 6 1 100 124 22 22 124 22 0
1 2 1 1 2 2 2 0 2 2 1 0 0 1 3 1 3 2 1 1 0 3
0 2 1 1 2 2 2 3 2 2 1 0 0 1 3 1 3 2 1 1 0 3 1 1 2 2 1 0 3 3 3 1 1 1 1 2 1 0 0 0 3 3 3 0 1 3 1 0 1 3 1 3 1 3 2 1 1 2 2 3 0 0 3 0 1 3 2 2 1 0 3 1 1 0 2 3 1 0 0 3 1 2 2 1 2 3 1 3 1 2 1 1 0 1 2 3 3 2 3 3 1 1 0 2 1 1 0 1 3 2 0 3 3 3 2 1 1 0 2 1 0 1 0
1 28 124 112 5 6 1 6 1 100 135 28 28 135 28 0
1 0 1 3 1 0 0 1 1 0 2 2 1 2 1 2 1 2 2 3 2 1 1 2 3 1 3 2
0 0 1 3 1 0 0 1 1 0 2 2 1 2 1 2 1 2 2 3 2 1 1 2 3 1 3 2 2 2 3 1 2 2 3 2 0 3 2 3 2 2 3 1 3 2 1 0 2 1 2 2 1 1 3 1 3 1 0 3 1 2 3 2 2 2 1 2 2 1 2 2 3 2 0 1 2 1 0 2 0 1 0 2 2 0 2 0 0 2 0 2 0 0 3 2 0 2 0 2 3 3 0 0 1 1 3 0 1 3 0 0 3 0 0 1 2 0 3 2 0 3 0 0
1 1 126 134 5 6 1 6 1 100 134 0 0 130 1 0
2
1 0 3 1 0 1 1 3 3 3 2 2 1 0 0 3 2 2 0 2 3 1 1 0 3 1 0 2 1 3 3 3 3 3 2 3 2 3 3 1 3 3 3 2 2 3 2 1 2 1 3 3 1 3 2 1 3 2 3 2 2 0 1 2 1 0 2 2 0 3 1 0 3 2 0 0 0 3 0 2 0 0 0 0 3 1 0 2 0 1 1 2 0 0 3 0 1 1 0 1 1 0 2 1 0 3 1 0 0 0 0 3 1 0 0 0 2 0 1 0 3 1 2 2 2 1
1 2 127 128 5 6 1 6 1 100 128 0 0 125 2 0
3 2
2 2 0 3 0 0 0 3 1 2 2 2 3 2 0 0 3 3 0 3 1 2 1 0 0 2 2 3 1 2 2 2 1 1 3 0 1 2 2 0 2 3 0 3 1 0 3 3 2 1 1 1 3 2 2 0 0 3 0 0 3 0 2 3 1 3 0 3 3 2 0 3 3 0 3 3 2 2 1 2 2 3 2 0 0 0 1 3 2 1 0 2 2 1 2 2 1 0 0 0 2 1 2 2 3 2 0 1 2 2 0 3 3 1 0 2 3 3 3 3 2 0 3 1 0 1 3
1 2 127 143 5 6 1 6 1 100 143 0 0 140 2 0
1 0
0 0 0 2 3 3 2 1 3 2 1 0 3 3 3 2 0 0 2 2 0 1 2 0 2 0 1 0 3 3 2 1 2 0 1 0 3 3 3 2 0 3 1 3 3 2 1 1 2 3 0 0 3 2 1 2 0 0 1 3 1 3 1 1 1 0 0 2 2 1 3 3 0 0 0 2 2 0 0 3 3 3 1 0 2 1 3 0 0 1 1 3 0 1 2 1 0 0 0 1 0 0 1 3 3 0 3 3 0 0 3 0 2 1 0 0 3 2 0 3 2 0 0 1 0 0 0
1 3 128 132 5 6 1 6 1 100 132 0 0 130 3 0
2 3 1
1 3 1 1 2 2 2 3 0 3 0 3 2 2 1 2 1 2 3 2 1 2 2 1 2 3 3 3 2 3 2 0 3 2 2 0 1 1 2 3 1 3 2 0 3 2 1 0 2 2 1 2 1 3 2 2 2 1 3 3 2 1 1 2 2 2 2 0 0 0 3 1 1 3 3 3 2 3 2 1 1 2 1 3 2 0 3 1 2 3 1 2 2 3 3 3 1 2 2 3 3 2 3 0 0 1 2 3 0 1 1 2 3 1 2 2 3 0 0 3 2 2 2 3 2 1 0 1
1 3 128 147 5 6 1 6 1 100 147 0 0 145 3 0
2 0 1
1 0 1 2 0 3 0 0 0 2 0 1 2 0 3 1 0 2 2 1 2 0 0 2 0 0 2 2 3 2 1 0 2 2 0 2 1 0 3 1 3 2 0 0 1 0 0 0 0 1 1 2 2 3 0 3 0 1 1 2 2 0 3 2 1 1 2 0 3 0 0 0 2 3 2 0 0 3 0 3 3 1 0 0 0 3 3 2 1 1 2 0 1 2 2 1 0 0 0 2 1 2 0 1 2 2 3 1 0 1 3 2 2 3 2 0 1 2 2 1 1 3 2 0 2 3 1 0
1 4 129 146 5 6 1 6 1 100 146 0 0 145 4 0
3 2 1 2
2 2 1 2 2 1 0 0 0 2 3 1 0 2 0 0 0 2 1 3 3 0 3 3 2 0 2 1 0 3 1 1 1 1 2 2 1 0 3 0 3 1 2 1 2 2 0 3 3 0 0 2 3 0 2 0 3 2 1 1 1 3 2 3 3 2 1 1 0 2 2 1 2 0 3 0 2 2 1 0 2 3 0 1 1 0 1 2 0 0 1 2 1 1 0 3 1 0 2 3 0 2 1 0 0 3 0 3 0 1 1 2 0 1 2 0 0 0 0 1 1 0 1 1 0 0 3 0 1
1 4 129 146 5 6 1 6 1 100 146 0 0 145 4 0
3 1 2 1
2 1 2 1 0 3 3 1 3 2 2 1 2 1 0 3 2 0 3 1 1 2 2 3 0 0 0 1 0 1 2 3 3 3 2 2 1 0 3 3 2 0 3 1 2 1 0 2 2 1 0 3 0 1 1 0 3 1 0 0 2 3 3 1 3 2 1 1 3 2 3 1 3 2 1 2 0 0 2 1 0 2 1 2 1 1 1 0 3 0 1 1 1 2 0 1 2 0 3 0 0 1 1 0 3 0 1 2 3 3 2 2 1 0 2 1 3 1 3 1 1 2 0 3 0 0 1 0 3
1 5 130 135 5 6 1 6 1 100 135 0 0 135 5 0
2 1 3 2 1
1 1 3 2 1 3 2 1 2 3 2 0 0 0 3 1 0 1 3 1 1 2 3 3 1 0 2 1 1 3 2 2 2 3 2 1 2 3 3 2 0 3 3 2 1 2 1 3 2 3 0 3 2 0 2 1 0 1 0 0 0 0 3 1 3 3 3 0 1 3 1 0 2 2 2 1 2 3 2 0 3 1 1 3 2 0 0 1 0 3 1 3 3 1 0 1 1 3 3 1 2 0 1 1 0 2 3 2 2 2 2 1 2 3 2 2 0 0 1 3 2 2 2 3 0 0 0 1 0 2
1 7 132 113 5 6 1 6 1 100 113 0 0 110 7 0
2 0 3 2 2 2 0
1 0 3 1 2 2 0 2 3 3 0 1 3 1 3 3 0 0 0 2 0 3 1 2 3 1 0 0 1 2 3 0 0 1 1 2 0 2 0 1 3 2 1 2 1 0 2 3 2 1 2 1 2 3 3 1 2 3 1 2 3 1 2 2 1 1 1 0 0 1 1 2 2 0 3 3 3 1 0 1 3 3 3 3 0 1 1 1 0 1 0 2 3 3 1 0 0 2 2 3 2 0 0 1 0 2 2 1 2 1 3 3 1 2 0 0 1 0 3 3 3 1 1 3 2 1 0 3 2 3 1 3
1 7 132 138 5 6 1 6 1 100 140 7 7 140 7 0
2 0 3 1 0 1 2
1 0 3 1 0 1 2 2 3 3 3 3 2 0 0 2 1 1 3 2 2 2 0 2 0 0 1 2 1 1 3 3 3 3 3 1 0 3 3 3 1 3 1 1 1 1 0 2 0 3 0 2 2 1 0 0 3 2 2 3 1 0 2 0 3 0 0 3 0 1 2 1 2 2 3 0 2 2 0 3 3 3 3 3 1 0 2 3 2 3 1 0 2 3 3 2 2 3 3 2 1 1 1 3 2 1 3 2 2 1 3 2 0 1 1 3 2 3 0 0 1 3 2 1 0 2 3 3 1 2 0 1
1 9 134 121 5 6 1 6 1 100 125 9 9 125 9 0
2 1 2 2 3 3 2 3 1
1 1 2 2 3 3 2 3 1 1 0 1 3 3 3 1 2 0 1 1 0 2 0 0 3 3 2 1 3 3 3 1 0 1 2 2 3 0 1 1 2 2 0 3 3 3 2 3 1 1 2 1 3 3 1 2 0 3 1 3 2 2 3 3 1 0 3 1 0 3 3 3 3 1 0 3 2 2 1 3 3 1 0 0 1 2 0 3 2 1 0 1 0 2 2 2 3 0 3 1 2 1 1 1 0 1 2 3 3 2 0 1 3 3 3 1 3 2 0 1 1 1 0 1 3 3 1 2 0 3 2 0 0 1
1 9 134 136 5 6 1 6 1 100 140 9 9 140 9 0
0 3 1 1 0 2 2 3 2
3 3 1 1 0 2 2 3 2 3 0 2 3 1 0 1 1 1 2 1 2 1 1 2 0 1 0 0 1 1 0 2 1 2 3 0 3 1 2 0 1 2 1 3 2 0 3 0 3 0 3 1 1 1 3 1 1 2 1 2 0 2 1 2 3 1 2 1 0 2 1 0 2 2 0 0 3 0 3 1 1 2 3 0 3 1 2 0 0 0 0 3 2 0 3 2 2 3 0 1 1 3 1 1 0 3 3 1 0 3 2 2 1 1 0 2 3 1 1 0 1 1 0 0 3 2 2 0 3 3 2 1 3 1
1 10 135 130 5 6 1 6 1 100 135 10 10 135 10 0
3 1 2 1 2 2 1 0 1 2
2 1 2 1 2 2 1 0 1 2 1 1 3 3 1 3 3 1 0 0 3 0 2 0 2 2 1 2 2 3 0 1 0 1 0 0 1 0 1 3 3 3 2 2 3 0 3 1 2 1 1 0 0 0 3 3 1 2 0 1 1 0 2 1 0 1 1 2 0 2 1 1 3 3 1 3 2 1 0 3 2 3 3 3 3 2 3 0 3 0 2 3 3 0 1 2 0 2 3 1 0 2 2 2 3 0 0 1 2 2 2 0 1 2 1 0 1 1 3 2 0 3 3 0 3 3 2 1 3 0 1 2 2 1 1
1 10 135 135 5 6 1 6 1 100 140 10 10 140 10 0
1 3 3 3 3 1 0 2 3 3
0 3 3 3 3 1 0 2 3 3 3 1 0 2 3 2 3 3 3 3 3 2 1 1 0 3 3 3 1 2 0 3 2 0 3 0 3 2 1 2 2 1 2 3 2 0 1 0 3 3 3 3 3 0 3 0 3 3 1 1 0 2 1 2 1 0 3 1 0 0 1 2 0 0 0 2 0 3 3 3 0 3 1 2 0 3 1 3 3 1 0 2 0 0 3 2 3 1 2 0 1 0 3 1 1 0 2 0 3 1 1 3 2 3 0 0 0 3 0 0 1 3 3 0 0 0 1 3 3 2 0 0 3 0 1
1 11 136 134 5 6 1 6 1 100 140 11 11 140 11 0
3 1 0 3 1 0 0 0 3 3 1
2 1 0 3 1 0 0 0 3 3 1 3 1 3 2 2 1 0 0 1 3 0 1 2 2 1 0 0 1 0 3 2 0 1 1 2 0 0 2 3 1 3 1 1 3 0 3 1 0 2 2 3 3 2 1 2 0 0 0 1 2 3 2 1 1 2 1 2 0 0 2 0 0 0 2 2 3 2 1 3 0 0 2 3 0 3 3 0 1 1 0 1 0 3 1 0 1 1 1 2 1 1 0 2 3 2 2 1 0 2 2 0 0 1 2 3 2 2 3 0 0 3 0 0 1 1 3 2 0 1 1 2 3 1 0 2
1 12 137 128 5 6 1 6 1 100 135 12 12 135 12 0
0 0 2 3 3 0 0 0 3 1 0 3
3 0 2 3 3 0 0 0 3 1 0 3 3 0 3 1 1 1 2 0 1 2 1 0 3 3 3 3 0 3 2 2 2 1 1 2 2 0 2 1 0 3 1 3 0 3 3 1 3 3 1 1 2 2 3 2 3 3 0 0 2 1 3 2 3 2 2 3 2 3 3 1 3 1 1 3 2 3 3 0 0 3 2 2 1 0 3 3 0 0 3 2 0 2 1 3 0 3 1 0 1 0 0 1 2 3 1 2 3 1 1 3 1 0 3 3 2 3 2 0 3 3 2 1 2 2 2 3 0 3 3 3 3 2 1 3 2
1 13 138 122 5 6 1 6 1 100 130 13 13 130 13 0
0 2 2 1 0 2 3 3 1 1 1 3 0
3 2 2 1 0 2 3 3 1 1 1 3 0 1 3 1 3 1 2 1 0 3 2 2 2 2 0 2 0 1 1 1 1 0 1 0 1 3 0 1 1 0 3 1 2 2 1 2 1 3 0 1 2 2 1 2 3 3 3 1 0 1 3 3 1 3 2 0 2 3 3 1 2 2 1 0 3 2 2 2 2 3 1 0 2 2 3 2 2 2 0 1 1 0 1 1 2 1 2 1 3 0 1 3 2 1 1 2 1 1 0 2 2 1 0 0 0 3 3 1 3 2 3 3 3 3 0 3 1 0 2 0 1 1 2 1 3 3
1 13 138 132 5 6 1 6 1 100 140 13 13 140 13 0
3 1 2 2 1 0 2 2 3 0 2 0 2
2 1 2 2 1 0 2 2 3 0 2 0 2 1 2 0 0 2 2 1 0 0 1 0 1 1 0 2 1 3 2 3 0 1 2 2 1 3 3 1 0 3 1 1 1 0 1 2 2 2 3 3 0 3 1 2 2 3 0 1 1 2 3 2 0 1 1 2 3 0 1 1 0 2 0 3 0 3 3 3 2 1 1 2 1 2 1 3 2 0 0 2 1 2 2 1 3 1 0 1 1 2 0 1 1 0 2 1 2 1 0 0 1 0 3 2 3 1 1 3 2 0 0 3 2 2 3 3 3 2 1 0 2 1 3 1 0 3
1 14 139 126 5 6 1 6 1 100 135 14 14 135 14 0
0 2 1 2 1 0 0 2 0 0 2 2 0 1
3 2 1 2 1 0 0 2 0 0 2 2 0 1 3 2 2 2 1 0 3 3 2 0 2 2 1 1 1 0 2 2 1 2 1 2 2 1 0 2 2 1 0 1 2 3 3 0 3 1 0 2 2 1 0 3 3 3 2 1 1 1 2 1 0 1 1 3 3 2 3 3 2 1 1 1 2 2 3 2 0 0 2 3 2 1 3 2 2 3 1 0 1 1 2 1 2 1 0 0 1 0 3 1 3 1 2 0 1 2 0 3 1 0 0 3 2 3 2 0 0 0 1 1 3 3 3 1 3 2 1 3 2 2 1 2 1 3 0
1 15 140 130 5 6 1 6 1 100 140 15 15 140 15 0
3 0 3 2 0 3 3 1 1 3 1 0 1 0 0
2 0 3 2 0 3 3 1 1 3 1 0 1 0 0 3 1 0 2 1 2 1 0 1 3 3 1 1 1 2 3 3 0 1 0 2 2 3 1 0 2 0 2 1 0 3 3 2 0 1 0 2 3 0 0 0 3 2 2 1 2 2 0 2 1 1 0 1 3 1 0 2 2 2 0 0 1 1 0 3 3 1 0 2 2 1 0 2 3 2 0 3 3 0 2 1 0 3 1 0 1 1 3 0 3 0 1 1 3 0 1 0 2 1 3 2 0 0 1 1 1 2 0 0 2 0 2 0 3 2 0 3 3 2 3 0 0 3 2 0
1 16 141 129 5 6 1 6 1 100 140 16 16 140 16 0
0 0 3 3 3 2 1 3 0 0 3 1 3 0 1 3
3 0 3 3 3 2 1 3 0 0 3 1 3 0 1 3 1 2 1 1 2 1 0 3 3 3 3 3 0 0 3 3 2 0 1 2 0 1 0 3 0 0 3 1 1 0 2 1 1 0 3 1 2 1 3 2 2 0 3 3 3 1 1 1 1 1 1 1 0 2 0 0 2 3 2 1 1 2 2 0 3 1 1 2 0 0 0 0 2 0 0 2 0 0 1 3 0 0 1 3 1 2 3 3 2 3 2 2 0 2 0 0 3 0 0 1 0 0 0 0 0 3 2 2 3 1 0 3 1 3 2 2 0 2 1 3 3 0 1 0 2
1 17 142 103 5 6 1 6 1 100 110 12 12 110 17 0
0 3 3 3 2 1 1 0 2 0 1 3 3 0 0 2 0
3 3 3 3 2 1 1 0 2 0 1 3 2 0 0 2 0 2 2 3 1 0 3 0 1 1 0 2 3 3 0 3 2 0 1 1 3 1 3 2 3 0 1 3 3 0 3 0 0 1 0 0 1 0 0 1 2 3 0 0 2 2 3 3 0 3 3 2 1 2 1 3 0 3 2 1 0 0 0 1 0 1 0 0 0 3 1 0 0 0 2 3 3 1 2 3 2 2 0 3 0 3 1 0 3 1 3 1 2 0 1 2 3 3 3 0 1 1 0 2 1 0 1 2 3 1 0 0 1 0 0 1 2 1 1 1 2 1 3 0 1 1
1 18 143 117 5 6 1 6 1 100 130 18 18 130 18 0
2 2 2 1 0 1 3 0 0 0 3 2 2 2 2 3 3 0
1 2 2 1 0 1 3 0 0 0 3 2 2 2 2 3 3 0 0 0 2 1 2 2 3 1 0 2 1 2 2 1 0 2 1 2 1 1 3 0 3 1 2 1 2 3 2 0 1 2 0 3 3 1 1 0 2 1 1 2 3 0 1 3 2 1 0 0 0 3 1 2 1 1 3 2 1 1 3 2 1 2 1 1 2 2 0 3 2 2 3 3 0 2 1 2 1 1 0 1 3 1 0 2 2 3 1 3 2 0 3 0 1 1 2 2 0 0 0 1 1 2 2 2 2 0 0 0 0 3 3 3 3 1 0 3 3 3 3 1 1 1 1
1 19 144 111 5 6 1 6 1 100 125 19 19 125 19 0
0 3 3 1 1 0 1 2 0 1 1 0 2 2 1 2 3 2 1
3 3 3 1 1 0 1 2 0 1 1 0 2 2 1 2 3 2 1 0 1 3 1 0 3 1 2 2 0 3 0 0 3 0 0 0 1 2 0 1 1 2 1 0 3 3 2 2 1 3 2 1 0 2 3 2 2 0 2 0 3 3 2 3 3 0 1 1 3 1 3 3 2 3 2 0 3 2 1 3 2 2 3 2 3 3 0 1 0 1 0 2 1 3 0 0 0 3 3 2 3 2 3 3 2 1 0 1 3 1 1 1 3 2 3 3 2 1 1 2 2 0 2 3 3 0 1 0 2 3 2 1 3 1 1 0 2 0 1 3 3 1 0 0
1 19 144 121 5 6 1 6 1 100 135 19 19 135 19 0
2 1 3 2 2 3 2 1 2 1 0 2 1 2 3 0 1 1 2
1 1 3 2 2 3 2 1 2 1 0 2 1 2 3 0 1 1 2 1 2 3 2 3 2 0 3 2 2 2 1 3 3 1 0 3 1 2 2 1 2 2 3 0 1 3 3 1 1 2 0 3 1 2 3 1 1 3 2 1 2 1 1 0 0 3 1 0 2 1 2 0 3 0 0 0 2 0 0 2 3 1 2 0 3 2 1 2 0 3 3 0 3 2 0 0 1 1 2 1 1 3 2 1 0 2 1 0 2 2 3 3 2 2 3 2 0 3 0 0 2 1 1 2 1 2 3 1 1 2 0 0 0 0 1 2 1 3 2 3 3 3 2 0
1 25 145 114 5 6 1 6 1 100 134 25 25 134 25 0
0 0 3 2 2 0 3 0 3 1 2 1 3 3 1 3 1 2 2 2 3 0 3 3 2
3 0 3 2 2 0 3 0 3 1 2 1 3 3 1 3 1 2 2 2 3 0 3 3 2 3 3 1 3 1 0 1 1 1 2 2 3 2 1 3 0 3 1 2 1 1 2 3 3 3 3 3 1 1 3 2 1 0 0 2 2 3 3 3 3 0 3 3 3 3 1 0 3 2 3 1 0 1 0 2 3 1 3 0 1 0 3 1 1 2 3 2 1 3 3 1 2 3 1 2 3 0 0 3 2 2 0 3 3 3 0 1 3 3 3 3 0 0 0 1 0 2 3 3 3 3 3 3 2 3 3 2 1 3 1 0 1 2 0 3 1 2 1 3 2
1 21 146 119 5 6 1 6 1 100 130 16 16 130 21 0
0 0 3 1 1 0 0 1 2 1 1 3 3 3 3 1 1 2 1 0 0
3 0 3 1 1 0 0 1 2 1 1 3 3 3 3 1 0 2 1 0 0 3 3 3 1 0 1 2 2 2 1 2 1 3 0 0 2 3 3 1 0 2 3 2 3 3 3 3 1 3 0 0 1 0 2 1 2 1 2 1 2 1 2 1 1 2 1 0 2 1 1 3 2 2 2 1 2 3 0 0 2 2 2 1 1 2 1 1 2 2 0 2 1 1 2 0 3 0 2 1 0 0 3 0 0 2 0 3 1 2 3 3 3 3 1 3 2 2 1 3 2 1 0 1 1 0 1 2 3 1 0 1 1 2 3 3 0 1 1 2 2 3 2 0 3 2
1 23 148 127 5 6 1 6 1 100 145 23 23 145 23 0
0 1 3 3 3 0 0 2 0 3 0 2 1 2 2 1 3 3 0 0 3 2 2
3 1 3 3 3 0 0 2 0 3 0 2 1 2 2 1 3 3 0 0 3 2 2 1 1 2 3 1 3 3 3 3 1 0 2 2 3 2 1 3 2 1 0 1 1 0 3 1 0 3 3 0 0 2 0 0 1 3 1 1 3 2 2 3 0 2 3 1 0 0 0 2 3 3 0 0 0 2 3 2 1 2 2 1 0 3 3 3 0 1 3 2 0 1 2 3 3 0 3 0 0 1 3 3 0 1 1 1 0 2 3 3 3 0 2 3 2 1 2 3 0 0 1 1 2 3 3 3 0 0 3 0 2 1 1 3 2 2 1 3 2 3 2 3 0 0 1 3
1 24 149 121 5 6 1 6 1 100 135 24 24 135 24 0
2 0 3 3 3 2 2 1 2 0 3 2 0 1 0 0 0 1 0 0 3 2 0 2
1 0 3 3 3 2 2 0 2 0 3 2 0 1 0 0 0 1 0 0 3 2 0 2 1 1 3 2 0 3 1 1 2 1 0 1 3 2 0 0 0 1 1 0 2 0 2 0 1 0 1 0 0 0 0 1 2 1 2 1 0 2 1 3 2 0 1 1 1 0 1 3 2 1 0 1 2 0 1 1 3 2 1 2 3 0 2 1 0 0 2 1 1 2 3 3 3 3 1 3 2 0 2 3 2 2 2 2 1 2 0 0 2 0 3 2 0 0 0 3 1 0 2 2 1 2 3 3 3 3 0 0 3 1 3 2 0 3 0 2 0 1 2 1 2 1 3 3 1
1 25 150 115 5 6 1 6 1 100 130 25 25 130 25 0
2 3 3 3 1 3 2 3 1 2 1 1 0 3 3 3 2 3 0 3 0 3 1 2 3
1 3 3 3 1 3 2 3 1 2 1 1 0 3 3 2 2 3 0 3 0 3 1 2 3 3 2 1 3 2 2 3 3 3 1 3 1 3 2 0 1 0 3 3 0 0 1 2 1 1 0 0 3 2 0 3 2 3 2 3 2 2 1 3 2 2 0 3 2 1 3 2 0 0 0 2 1 1 0 2 1 0 0 2 1 1 2 1 2 1 2 0 2 1 0 0 0 0 2 1 2 0 1 3 2 1 2 3 2 2 3 3 3 3 2 2 3 1 2 1 0 3 2 3 3 2 2 3 0 2 1 1 1 3 2 1 0 0 1 0 0 2 2 1 3 0 1 2 2 1
1 26 151 119 5 6 1 6 1 100 135 21 21 135 26 0
0 0 0 1 1 2 1 1 1 2 0 1 1 0 0 1 3 1 1 0 3 2 1 3 2 1
3 0 0 1 1 2 1 1 1 2 0 1 1 0 0 1 3 1 1 0 3 1 1 3 2 1 3 2 1 2 3 2 0 0 0 3 1 0 1 3 1 1 2 3 3 1 0 2 1 1 3 2 2 2 3 2 1 2 3 3 2 0 3 3 2 1 2 1 3 2 3 0 3 2 0 2 1 0 1 0 0 0 0 3 1 3 3 3 0 1 3 1 0 2 2 2 1 2 3 2 0 3 1 1 3 2 0 0 1 0 3 1 3 3 1 0 1 1 3 3 1 2 0 1 1 0 2 3 2 2 2 2 1 2 3 2 2 0 0 1 3 2 2 2 3 0 0 0 1 0 2
1 27 152 98 5 6 1 6 1 100 117 24 24 115 27 0
2 2 2 1 3 3 1 3 2 0 2 3 3 3 3 3 0 3 3 3 0 0 1 2 1 0 0
1 2 2 1 3 3 1 3 2 0 2 3 3 3 3 3 0 3 3 3 0 0 1 2 0 0 0 1 0 0 0 3 3 1 3 2 1 2 0 3 2 0 3 1 0 2 0 1 0 2 0 0 2 2 2 0 0 3 0 0 0 0 3 0 0 0 0 0 0 3 1 2 3 1 2 1 2 0 2 2 0 0 0 0 0 1 0 3 1 2 2 3 2 1 1 2 0 2 2 1 1 0 2 3 1 1 0 0 2 1 3 1 0 0 3 0 3 3 0 3 3 0 3 3 2 0 3 0 0 1 2 3 3 2 3 3 0 0 0 2 1 3 2 3 0 0 0 1 2 2 1 2
1 28 153 112 5 6 1 6 1 100 130 28 28 130 28 0
1 1 3 3 2 0 0 2 0 3 1 2 2 1 2 1 0 3 3 3 3 3 0 3 1 3 3 3
0 1 3 2 2 0 0 2 0 3 1 2 2 1 2 1 0 3 3 3 3 3 0 3 1 3 3 3 0 3 3 2 0 3 2 2 1 2 0 0 0 0 3 2 2 3 3 3 2 1 2 0 1 2 1 2 3 3 0 2 1 2 1 1 0 0 1 1 0 3 2 3 2 1 3 2 2 0 3 1 3 2 1 1 1 2 2 0 2 0 3 1 1 1 1 0 1 1 2 1 1 0 2 2 3 0 1 0 2 3 3 1 0 2 2 3 3 3 1 0 2 1 0 3 1 0 2 2 3 3 2 2 0 2 0 3 0 1 1 2 0 1 0 3 0 2 1 2 3 3 1 2 3
1 28 153 122 5 6 1 6 1 100 144 27 27 140 28 0
2 2 1 3 3 2 1 2 2 1 3 2 1 3 1 3 3 1 0 0 1 2 2 1 3 3 2 0
1 2 1 3 3 2 1 2 2 1 3 2 1 3 1 3 3 1 0 0 1 2 2 1 3 3 2 3 3 1 0 2 0 2 2 1 1 3 3 1 0 1 0 2 2 1 3 1 3 3 2 1 2 1 1 3 2 0 0 1 2 0 3 3 3 1 3 3 1 3 0 1 0 0 1 1 2 2 3 3 2 3 3 1 0 3 3 1 3 2 0 0 1 3 3 1 3 2 3 1 3 1 3 3 3 3 3 1 1 2 2 2 2 3 1 3 2 1 3 1 3 3 3 3 3 2 0 1 1 0 0 0 2 1 1 1 0 2 1 1 0 2 2 0 0 0 0 0 0 0 2 1 1
1 29 154 111 5 6 1 6 1 100 130 29 29 130 29 0
3 2 2 3 1 0 0 0 3 3 1 1 3 1 1 0 1 3 3 1 1 3 2 1 1 1 2 1 2
0 2 2 3 1 0 0 0 3 3 1 1 3 1 1 0 1 3 2 1 1 3 2 1 1 1 2 1 2 3 3 3 1 0 3 2 0 1 2 0 1 1 0 0 0 1 2 0 1 2 1 3 3 2 2 1 0 0 2 0 0 0 0 3 2 2 1 2 2 0 0 2 0 0 3 3 3 2 2 1 1 3 0 1 0 3 2 2 1 2 2 3 0 3 2 2 0 0 2 3 1 0 1 3 2 0 3 2 0 2 2 3 1 3 3 1 2 0 0 3 1 3 2 1 1 2 1 1 0 2 1 0 3 3 2 3 3 3 3 3 2 0 3 1 0 2 2 1 2 2 0 0 0 0
1 30 155 100 5 6 1 6 1 100 120 30 30 120 30 0
2 1 1 2 1 2 0 0 2 3 2 0 3 0 0 1 1 1 0 2 2 3 0 0 3 3 1 0 1 1
1 1 1 2 1 2 0 0 1 3 2 0 3 0 0 1 1 1 0 2 2 3 0 0 3 3 1 0 1 1 0 3 3 3 3 3 2 1 3 2 2 1 0 3 3 0 0 0 0 1 2 3 0 2 2 1 1 2 2 0 3 0 0 2 2 1 2 1 3 1 2 1 2 1 1 2 1 0 3 1 1 2 2 1 2 1 3 2 3 3 2 1 1 0 0 0 1 3 1 1 0 2 3 2 1 1 2 1 0 0 3 0 0 3 2 3 1 2 2 0 3 2 1 2 0 3 2 1 3 3 2 1 2 1 0 3 1 3 3 0 3 1 1 2 0 1 1 3 0 1 0 2 3 2 0
1 30 155 110 5 6 1 6 1 100 135 30 30 135 30 0
2 0 3 1 3 2 2 2 2 0 3 1 0 2 1 1 3 2 0 0 0 2 0 0 2 1 0 2 0 0
1 0 3 1 3 2 2 2 2 0 3 1 0 2 1 1 3 2 0 0 0 2 0 0 2 1 0 2 0 0 0 0 0 1 0 3 1 3 2 1 3 2 1 1 2 1 2 3 3 0 1 0 0 1 3 3 1 0 0 3 2 0 3 2 3 1 2 0 1 2 0 2 3 3 2 1 3 2 2 1 2 2 1 2 0 3 3 2 2 3 2 2 1 2 2 2 2 0 3 0 3 1 1 2 3 1 3 1 0 0 3 1 0 2 0 3 2 2 3 2 0 0 1 3 3 1 1 3 2 1 0 0 3 1 2 1 0 0 3 3 3 0 0 3 0 0 2 1 1 2 0 2 3 2 1
1 30 155 115 5 6 1 6 1 100 140 30 30 140 30 0
2 1 1 3 1 0 1 2 1 0 3 1 2 3 1 3 3 3 2 2 1 2 1 0 0 2 1 2 2 2
2 1 1 3 1 0 1 2 1 0 3 1 2 2 1 3 3 3 2 2 1 2 1 0 0 2 1 2 2 2 1 2 1 0 0 3 2 2 1 2 2 0 1 0 2 1 3 3 2 3 2 0 0 1 3 1 1 3 0 1 0 2 1 1 2 1 2 0 1 0 3 1 2 0 1 2 3 2 0 3 1 2 0 0 0 0 0 0 2 1 3 0 1 2 2 1 0 3 2 2 0 1 0 1 1 2 1 1 1 2 3 0 3 2 1 3 1 2 2 1 0 2 1 0 3 2 0 3 2 3 3 1 2 0 0 2 2 3 2 2 3 2 0 2 0 3 1 0 3 1 1 2 1 2 0
1 30 155 120 5 6 1 6 1 100 140 30 30 140 30 0
0 3 2 0 1 1 2 3 0 1 3 0 0 0 0 2 2 3 2 1 0 0 1 2 0 3 1 0 1 2
3 3 2 0 1 1 2 3 0 1 3 0 0 0 0 2 2 3 2 1 0 0 1 1 0 3 1 0 1 2 2 3 3 3 3 2 0 0 2 1 1 3 2 2 2 0 2 0 0 1 2 1 1 3 3 3 3 3 1 0 3 3 3 1 3 1 1 1 1 0 2 0 3 0 2 2 1 0 0 3 2 2 3 1 0 2 0 3 0 0 3 0 1 2 1 2 2 3 0 2 2 0 3 3 3 3 3 1 0 2 3 2 3 1 0 2 3 3 2 2 3 3 2 1 1 1 3 2 1 3 2 2 1 3 2 0 1 1 3 2 3 0 0 1 3 2 1 0 2 3 3 1 2 0 1
1 31 156 119 5 6 1 6 1 100 140 31 31 140 31 0
1 0 2 1 0 3 0 3 1 1 1 2 2 0 0 0 2 3 1 0 1 1 3 2 2 1 2 2 3 2 0
0 0 2 1 0 3 0 3 1 1 1 2 2 0 0 0 2 3 0 0 1 1 3 2 2 1 2 2 3 2 0 3 3 3 1 2 2 3 1 0 0 1 2 2 3 1 3 2 3 3 3 2 1 1 2 1 3 1 2 1 2 0 0 2 1 2 1 2 3 1 0 2 2 1 2 1 3 2 1 0 0 0 0 1 2 0 3 1 3 1 0 0 1 2 3 2 0 3 2 1 3 2 3 3 3 3 1 1 2 0 3 0 0 1 2 3 1 3 1 0 2 3 3 2 0 0 2 0 3 2 0 0 1 3 2 2 1 2 1 3 1 0 0 2 1 0 0 1 3 2 2 1 1 1 0 1
1 32 157 108 5 6 1 6 1 100 125 32 32 125 32 0
1 2 1 2 0 3 2 2 3 2 3 1 0 3 3 3 2 3 2 2 0 0 0 3 2 3 3 1 3 0 1 1
0 2 1 2 0 3 2 2 3 2 3 1 0 3 3 3 2 2 2 1 0 0 0 3 2 3 3 1 3 0 1 1 1 0 0 3 2 1 3 2 2 3 2 0 2 1 3 0 3 0 3 2 3 3 2 1 3 1 0 0 3 0 0 3 0 3 1 3 2 2 3 0 1 2 2 1 3 0 3 2 2 2 1 3 2 0 3 3 0 3 3 1 1 2 2 2 3 0 3 3 1 3 0 3 3 3 2 3 0 1 3 2 0 3 1 0 1 2 1 3 2 0 3 2 1 3 2 3 3 2 0 0 0 0 2 1 0 0 0 3 3 1 1 1 1 0 2 1 1 0 2 3 3 2 2 3 2
1 6 7 68 5 6 1 6 1 100 69 6 6 69 6 0
1 3 2 1 2 2
0 3 2 1 2 2 1
1 30 76 41 5 6 1 6 1 100 41 0 0 4 7 0
3 0 3 1 2 0 1 2 0 3 2 0 3 3 0 0 1 1 2 1 2 1 1 0 1 2 1 3 3 3
0 0 0 1 1 0 1 0 1 0 2 0 3 1 0 3 2 0 3 2 3 3 0 3 2 3 2 1 2 3 3 3 0 3 2 0 1 1 2 0 0 3 2 1 2 2 0 1 1 0 1 0 3 3 1 0 1 0 3 1 0 3 3 3 1 3 3 0 1 2 1 2 1 2 3 0
1 19 88 106 5 6 1 6 1 100 115 19 19 115 19 0
1 1 3 1 1 0 0 1 2 0 3 2 0 3 0 0 0 2 0
0 1 2 1 1 0 0 1 2 0 3 2 0 3 0 0 0 2 0 1 0 0 3 0 0 1 3 2 3 1 2 3 2 0 1 3 3 3 2 0 3 1 0 2 3 2 0 2 0 0 1 1 0 2 3 0 3 3 1 1 2 1 3 3 1 0 1 1 0 0 0 2 1 1 0 1 2 0 0 1 3 2 0 2 0 3 2 3
1 8 100 117 5 6 1 6 1 100 117 0 0 115 8 0
3 1 1 0 0 1 1 2
2 1 1 0 3 1 1 2 2 1 2 2 2 2 0 0 3 1 0 2 3 3 3 2 3 2 2 0 0 3 0 1 3 3 3 2 2 3 2 0 2 2 1 2 1 3 2 3 3 1 1 2 3 2 1 1 2 0 1 3 3 2 3 2 1 0 0 1 2 1 1 2 0 1 2 3 0 2 1 2 0 3 2 2 2 1 2 0 3 1 3 2 1 3 2 0 3 3 1 0
1 27 114 91 5 6 1 6 1 100 113 27 27 113 27 0
2 1 0 2 2 3 2 0 0 3 1 2 1 2 2 0 1 0 3 2 1 1 2 2 3 0 3
1 1 0 2 2 3 2 0 0 3 1 2 1 2 2 0 1 0 3 2 1 1 2 2 3 0 3 3 0 2 3 0 0 2 3 0 1 3 2 1 0 1 1 0 2 1 0 1 1 0 1 1 3 3 1 1 0 2 3 3 1 3 2 1 1 0 2 1 2 1 0 1 2 1 3 2 0 0 1 1 0 1 0 3 1 2 1 2 1 2 3 3 2 2 2 3 3 2 1 1 2 1 2 0 1 2 1 2 0 2 3 0 0 3
1 28 125 87 5 6 1 6 1 100 100 28 28 100 28 0
0 3 1 1 1 2 0 2 1 3 2 2 2 3 2 1 1 3 0 3 3 3 2 0 3 3 2 2
3 3 1 0 1 2 0 2 1 3 2 2 2 3 2 0 1 3 0 3 3 3 2 0 3 3 2 2 3 1 0 2 2 0 3 1 1 0 3 1 2 1 2 1 0 3 1 0 0 3 2 0 1 3 3 0 3 2 2 1 0 0 2 3 2 0 3 2 3 0 3 1 2 1 2 1 1 2 2 0 3 3 1 3 0 3 1 2 1 2 2 1 2 2 3 1 1 2 0 3 1 1 3 2 0 3 2 0 2 1 2 1 1 0 3 1 2 1 1 2 2 2 0 3 3
0 8 11 142 5 6 1 6 1 100 145 8 8 145 8 0
1 3 2 0 2 1 3 0
0 3 2 0 2 1 3 0 3 3 0
0 15 25 135 5 6 1 6 1 100 145 15 15 145 15 0
3 3 1 2 1 2 3 0 3 3 3 0 0 3 0
2 3 1 2 1 2 3 0 3 3 3 0 0 3 0 2 2 2 0 1 0 1 3 2 0
0 16 27 134 5 6 1 6 1 100 140 16 16 140 16 0
3 2 3 2 1 0 0 2 3 1 2 1 3 3 0 1
2 2 3 2 0 0 0 2 3 1 2 1 3 3 0 1 3 3 3 1 3 3 1 2 0 0 0
0 21 37 124 5 6 1 6 1 100 130 21 21 130 21 0
0 3 1 1 2 1 2 1 0 1 1 2 1 3 1 3 0 1 2 1 0
3 3 1 1 2 1 2 0 0 1 1 2 1 3 1 2 0 1 2 1 0 2 3 1 1 3 2 1 1 2 3 2 2 0 3 2 1
0 27 49 105 5 6 1 6 1 100 125 25 25 122 27 0
3 3 1 2 1 3 0 0 1 2 1 1 2 2 3 2 1 2 0 1 3 0 0 3 0 2 2
2 3 1 2 1 3 0 0 1 2 1 1 2 2 3 2 1 2 0 1 3 0 0 3 0 1 2 0 1 0 3 0 2 0 2 0 0 2 0 0 0 2 1 2 3 1 3 1 0
0 30 55 120 5 6 1 6 1 100 145 30 30 145 30 0
2 1 3 3 0 1 1 0 1 3 2 1 3 3 3 0 1 2 3 2 1 0 0 1 2 2 3 3 0 2
1 1 3 3 0 1 1 0 1 3 2 1 3 3 3 0 1 2 3 2 1 0 0 1 2 2 3 3 0 2 3 0 2 2 2 2 0 2 1 2 1 3 3 3 1 2 2 3 3 3 3 2 0 1 0
0 8 129 66 5 6 1 6 1 100 68 7 7 64 8 0
0 1 3 0 3 1 2 0
3 1 3 0 3 1 2 3 1 2 0 1 2 1 2 2 1 2 2 1 3 2 2 1 1 1 2 2 1 3 1 2 2 2 2 0 2 3 2 0 1 3 2 3 2 2 1 2 1 3 3 0 2 3 3 0 2 2 0 3 2 2 3 0 2 1 0 1 2 0 2 2 3 2 3 1 1 3 2 1 3 0 2 1 2 0 3 0 2 3 1 2 2 2 0 3 0 1 3 1 2 1 0 0 1 2 0 0 0 0 0 1 0 2 1 0 1 0 2 3 0 1 2 0 2 1 2 0 1
0 21 131 53 5 6 1 6 1 100 69 21 21 69 21 0
0 2 3 0 2 0 0 0 3 2 2 3 2 3 0 2 0 0 2 0 0
3 2 3 0 2 0 0 0 3 2 2 3 2 3 0 2 0 0 2 0 0 2 1 2 0 1 0 0 3 3 3 2 3 1 2 1 3 3 2 3 1 2 2 1 2 0 0 3 3 3 3 1 1 1 0 3 3 2 1 1 3 3 3 1 2 3 1 0 2 2 0 1 1 2 3 1 2 3 1 0 3 3 0 0 0 3 2 1 2 3 3 0 0 1 2 3 0 2 1 1 1 0 2 2 2 0 2 0 2 3 1 3 0 1 1 3 2 3 3 3 0 0 3 0 0 3 3 0 0 0 0
0 28 132 67 5 6 1 6 1 100 85 28 28 85 28 0
1 3 1 1 2 3 0 3 3 3 0 3 3 3 1 2 3 0 1 0 3 1 2 2 3 3 3 0
0 3 1 1 2 3 0 3 3 3 0 3 3 3 1 2 3 0 0 0 3 1 2 2 3 3 3 0 2 3 1 3 3 0 2 3 2 3 3 2 1 3 2 3 0 1 0 0 0 3 3 2 2 0 1 0 1 1 3 0 2 2 0 1 1 1 0 1 0 3 3 3 3 2 1 3 0 1 2 2 3 0 3 3 2 2 2 2 1 1 2 3 3 3 1 1 1 3 1 2 2 1 0 0 3 1 2 2 3 1 1 2 1 3 0 1 1 2 2 1 0 0 3 3 0 2 2 3 3 1 3 1
0 27 134 56 5 6 1 6 1 100 76 25 25 73 27 0
0 3 2 2 1 3 1 2 0 1 1 2 2 1 0 2 0 2 2 1 0 1 1 1 1 3 1
3 3 2 2 1 3 1 2 0 1 1 2 2 1 0 2 0 2 2 1 0 1 1 1 1 2 1 2 1 1 1 0 2 1 0 2 2 0 1 1 2 0 1 1 2 3 2 3 0 0 1 3 3 0 1 0 0 2 1 1 2 3 3 0 1 3 3 2 0 1 2 3 3 1 2 3 1 2 0 1 1 1 0 3 3 2 2 3 2 0 0 0 1 3 0 3 0 2 2 3 2 1 1 2 1 1 2 1 1 0 0 2 3 1 3 2 2 0 1 3 0 1 0 0 2 2 2 1 2 3 2 2 3 2
0 15 135 50 5 6 1 6 1 100 57 12 12 55 15 0
1 3 3 2 2 2 2 3 1 2 0 1 0 0 3
0 3 3 2 2 2 2 3 1 2 0 1 3 0 3 1 2 2 0 0 1 2 0 1 3 0 0 3 3 1 2 1 2 3 1 0 3 3 0 0 3 3 0 1 2 2 1 2 3 1 1 2 1 0 3 2 1 1 1 0 2 1 3 2 3 1 3 3 0 1 2 2 1 0 2 2 3 0 3 0 3 1 2 0 2 1 1 2 1 3 1 3 0 1 2 2 3 0 3 1 3 3 2 3 1 1 2 2 3 3 3 1 3 0 1 2 2 1 0 0 1 0 2 0 1 0 3 1 0 1 0 0 1 2 2
0 30 136 45 5 6 1 6 1 100 70 30 30 70 30 0
3 0 3 0 0 1 0 1 2 2 3 2 2 1 2 2 3 2 2 0 1 2 2 0 1 1 2 3 3 3
2 0 3 0 0 1 0 1 2 2 3 2 2 1 2 2 3 2 2 0 1 2 2 0 1 1 2 3 3 3 0 1 3 3 3 1 2 1 1 2 0 0 2 1 2 0 3 3 0 1 2 3 2 3 0 2 3 0 1 2 0 0 0 3 0 3 0 3 3 2 2 0 0 2 2 0 0 1 2 3 2 0 0 2 2 0 2 0 1 2 0 1 1 1 1 3 0 0 1 2 0 0 0 1 3 0 1 1 2 0 0 3 2 3 1 0 1 1 3 3 3 3 0 2 1 0 1 1 3 1 0 0 0 2 2 0
0 22 137 64 5 6 1 6 1 100 81 22 22 81 22 0
0 3 2 0 1 2 3 3 3 0 1 2 3 1 1 2 2 2 3 0 1 3
3 3 2 0 1 2 3 3 3 0 1 2 3 1 1 2 2 2 3 0 1 3 1 2 3 3 1 1 0 0 3 0 2 3 1 1 2 1 1 1 0 3 0 0 1 2 2 1 3 3 1 1 0 2 1 2 2 3 1 2 3 3 1 1 0 2 3 0 3 3 1 2 3 1 1 1 2 0 3 0 2 3 1 1 3 3 1 1 3 2 0 1 1 2 2 2 3 1 1 1 1 2 0 1 1 3 1 2 3 3 1 1 0 2 0 1 1 2 3 1 3 1 1 2 1 3 3 1 0 2 0 2 3 3 2 3 3
0 14 138 61 5 6 1 6 1 100 70 14 14 70 14 0
3 2 1 3 3 3 2 3 0 2 1 2 1 3
2 2 1 3 3 3 2 3 0 2 1 2 1 3 0 0 2 0 2 3 0 3 3 0 1 0 0 2 3 3 0 1 1 1 3 0 3 3 2 1 2 1 3 2 3 1 0 3 2 1 1 2 1 0 0 1 2 2 1 0 1 3 0 1 2 2 2 0 0 2 2 1 1 1 0 3 0 3 2 1 1 2 3 0 0 1 2 1 3 2 2 1 0 3 1 1 2 3 3 3 3 0 2 1 2 0 2 2 3 2 3 0 3 1 0 1 0 2 1 1 2 1 3 1 3 3 3 2 0 2 1 0 3 1 0 1 2 1
0 21 140 34 5 6 1 6 1 100 50 21 21 50 21 0
1 1 3 3 0 2 2 1 1 0 2 3 0 3 3 3 0 1 0 3 1
0 1 3 3 0 2 2 1 1 0 2 3 0 3 3 3 0 1 0 3 1 3 0 2 2 1 2 3 3 1 1 0 0 0 1 1 0 0 1 3 0 3 0 3 3 3 0 0 0 3 0 3 2 2 2 2 1 3 3 3 1 0 1 3 0 2 0 0 3 0 2 2 3 0 0 2 0 1 0 3 1 2 0 1 3 0 1 3 1 3 0 0 3 3 0 3 0 2 2 2 3 1 1 2 1 0 0 0 0 2 3 2 3 3 0 2 1 1 1 1 1 1 2 3 0 1 1 0 3 2 2 2 2 2 3 2 3 0 2 0
0 16 140 72 5 6 1 6 1 100 78 11 11 78 16 0
2 3 0 2 0 2 3 0 0 1 3 0 2 2 1 0
1 3 0 2 0 2 3 0 0 1 3 3 2 2 1 0 0 2 0 0 2 1 3 2 1 3 0 3 2 2 2 3 3 3 0 2 0 0 0 3 0 2 0 3 0 2 2 1 1 1 2 0 0 2 2 3 1 0 3 2 3 3 3 1 0 1 1 0 2 1 3 0 1 2 1 2 0 1 1 0 1 3 2 1 3 3 2 0 0 2 2 3 2 0 0 1 2 2 3 1 3 1 0 2 1 3 2 1 2 0 1 3 0 0 3 0 1 2 0 1 1 0 0 0 2 1 1 2 2 0 0 0 1 2 2 1 1 0 0 3
0 28 142 23 5 6 1 6 1 100 31 28 28 31 28 0
2 2 2 3 3 1 0 0 2 2 3 1 2 3 1 0 0 2 0 0 2 3 2 1 3 3 2 3
1 2 2 3 3 0 0 0 2 2 3 1 2 3 1 0 0 1 3 0 2 3 2 1 3 3 2 3 2 1 2 3 1 3 0 0 1 1 2 3 3 0 1 2 2 2 3 1 0 0 1 2 1 1 3 3 1 1 0 0 1 2 1 0 1 3 2 3 3 2 3 2 2 3 2 2 3 1 1 1 0 1 3 1 3 0 0 0 0 2 0 1 1 0 0 1 3 0 1 1 2 1 3 3 0 3 3 3 1 3 3 1 2 1 2 3 0 0 1 3 2 0 2 1 0 1 1 3 0 2 3 2 0 1 1 3 0 0 3 1 0 1
0 21 143 30 5 6 1 6 1 100 46 21 21 46 21 0
3 2 0 0 3 2 1 2 3 1 0 0 1 2 1 2 2 3 1 2 0
2 2 0 0 3 2 1 2 3 1 0 0 1 2 1 2 2 3 1 2 0 0 1 1 0 3 0 2 3 1 3 3 2 1 2 3 1 0 3 2 3 3 3 1 2 1 2 3 1 2 3 0 2 3 0 1 2 2 0 2 2 3 0 2 3 2 0 2 0 1 1 2 0 0 0 2 3 1 0 2 3 1 2 3 1 3 3 0 1 0 3 0 0 0 2 3 1 0 0 2 1 2 2 3 2 1 2 0 0 3 2 1 2 1 2 2 3 2 1 0 0 1 0 3 1 1 1 2 1 0 0 3 3 2 2 2 2 1 2 0 2 1 1
0 20 144 26 5 6 1 6 1 100 36 20 20 36 20 0
2 1 1 0 0 1 0 1 3 2 1 0 0 0 0 3 2 2 3 2
1 1 1 0 0 1 0 1 3 2 1 0 0 0 3 3 2 2 3 2 3 2 2 0 0 2 1 1 0 3 3 2 2 3 0 3 2 3 1 2 2 0 1 2 1 3 0 1 1 2 3 2 2 3 3 3 0 0 0 2 1 1 2 1 3 0 0 0 1 3 3 2 3 2 1 0 2 3 2 1 3 3 2 0 0 2 2 1 2 2 3 1 3 2 2 1 3 0 3 3 0 2 0 1 2 0 1 0 0 0 2 3 1 0 0 2 2 1 1 3 1 3 2 3 1 2 3 0 3 2 2 1 2 0 2 3 0 2 1 2 2 1 2 0
0 28 144 92 5 6 1 6 1 100 111 24 24 110 28 0
2 3 0 0 0 2 2 0 0 3 0 0 1 2 2 0 1 2 2 1 0 0 0 0 2 0 1 3
1 3 0 0 0 2 2 0 0 3 0 0 1 2 2 0 1 2 2 1 0 0 0 0 1 0 1 3 0 1 1 1 3 1 0 0 1 1 1 2 0 1 1 1 3 1 2 0 0 0 3 2 0 1 1 0 0 3 2 1 2 0 1 0 0 0 1 2 0 1 1 0 0 0 2 3 2 2 1 3 3 0 3 0 3 0 1 2 2 2 1 1 0 3 1 3 3 3 0 2 1 0 1 1 3 3 2 1 0 1 1 0 2 3 3 1 0 2 1 1 1 0 0 0 2 2 0 0 0 3 0 0 1 1 2 3 3 2 0 1 1 0 2 3
0 28 151 43 5 6 1 6 1 100 61 28 28 61 28 0
2 2 1 2 3 1 1 1 3 0 1 3 2 0 2 3 0 2 3 3 3 0 2 1 1 2 0 3
1 2 1 2 3 1 1 1 3 0 1 3 2 0 2 3 0 2 3 3 3 3 2 1 1 2 0 3 2 3 2 2 3 0 1 1 2 3 3 3 2 2 0 1 0 2 3 1 2 3 2 1 2 3 3 3 2 3 1 0 0 0 1 3 0 1 3 3 1 1 3 3 2 2 3 0 0 2 1 2 3 2 0 1 0 0 1 1 0 1 2 2 3 3 0 2 0 1 0 2 3 2 1 0 1 2 2 3 0 2 0 2 2 1 1 2 1 3 0 3 2 2 1 1 0 1 3 0 1 3 2 3 3 3 3 2 2 2 0 2 3 1 2 1 1 2 1 1 1 1 2
0 1 2 79 5 6 1 6 1 100 79 0 0 75 1 0
3
2 2
0 2 24 24 5 6 1 6 1 100 24 0 0 21 2 0
2 2
1 2 0 1 0 3 0 2 0 2 0 0 2 0 0 0 2 1 2 3 1 3 1 0
0 3 39 37 5 6 1 6 1 100 37 0 0 35 3 0
3 1 2
2 1 2 2 1 3 0 2 0 1 2 1 3 3 3 1 3 0 0 1 3 0 1 1 0 3 0 0 2 2 3 1 2 3 2 0 1 2 0
0 18 51 19 5 6 1 6 1 100 27 18 18 27 18 0
3 1 2 3 0 2 2 1 1 1 3 3 2 3 3 2 3 0
2 1 2 2 0 2 2 1 1 1 3 3 2 3 3 2 3 0 2 0 2 1 1 2 3 2 2 2 1 2 0 0 2 3 3 2 3 0 3 1 1 2 2 0 1 2 1 2 3 2 1
0 5 63 33 5 6 1 6 1 100 33 0 0 33 5 0
0 3 0 1 2
3 3 0 1 2 1 1 0 0 0 3 2 2 1 0 2 3 2 1 2 3 0 1 3 2 2 1 2 2 3 2 0 1 3 3 2 3 1 0 0 0 1 2 0 1 0 3 2 2 1 0 3 3 0 2 3 3 3 3 2 2 3 3
0 8 66 54 5 6 1 6 1 100 57 8 8 57 8 0
1 3 3 0 2 3 1 2
0 3 3 0 2 3 1 2 0 1 3 0 1 2 1 1 0 3 0 0 1 2 0 1 3 0 3 3 0 0 2 2 2 2 1 1 3 2 0 1 3 3 0 1 2 1 0 0 2 3 3 3 0 0 1 0 0 0 1 1 1 3 3 1 3 0
0 21 68 30 5 6 1 6 1 100 46 21 21 46 21 0
1 0 0 3 2 0 2 1 0 0 1 0 2 3 0 2 1 3 0 3 2
0 0 0 3 2 0 2 1 0 0 1 0 2 3 0 2 1 3 0 3 2 2 1 0 3 3 0 2 1 2 2 3 2 3 0 0 3 3 2 3 2 0 1 2 0 2 1 0 1 2 3 3 0 0 1 2 2 3 0 1 1 1 0 1 2 3 3 0
0 25 72 26 5 6 1 6 1 100 42 21 21 41 25 0
2 3 3 2 3 0 2 0 2 1 0 2 1 3 0 1 3 0 0 0 0 3 0 1 2
1 3 3 2 3 0 2 0 2 1 0 2 1 3 0 1 3 0 0 0 0 2 0 1 2 1 2 2 3 1 2 0 2 1 2 2 1 0 2 1 3 3 0 0 2 3 2 1 2 3 2 1 1 2 1 1 0 3 3 0 3 3 2 1 1 2 0 0 2 0 0 2
0 19 73 22 5 6 1 6 1 100 22 0 0 0 13 0
1 1 2 3 2 0 1 1 2 1 0 3 0 3 1 1 0 2 3
0 2 3 1 3 0 0 3 2 3 3 2 2 0 1 0 3 2 1 2 2 3 3 0 3 2 0 3 0 2 3 2 2 1 0 3 3 2 0 3 3 2 1 1 2 1 1 0 1 0 3 0 0 1 1 3 0 1 0 1 3 3 2 1 0 0 1 3 0 2 3 1 0
0 5 74 27 5 6 1 6 1 100 27 0 0 27 5 0
1 2 3 0 1
0 2 3 0 1 2 3 1 2 3 2 1 0 2 2 3 2 3 2 3 1 0 1 3 3 1 2 0 3 0 0 2 1 2 1 3 2 1 2 0 2 3 3 2 1 3 3 3 3 3 3 3 2 2 0 3 3 3 1 0 0 2 2 1 1 0 3 2 3 0 1 2 0 1
0 7 78 67 5 6 1 6 1 100 69 7 7 69 7 0
1 1 0 1 1 2 3
0 1 0 1 1 2 3 2 0 1 1 2 1 2 3 3 2 1 2 0 0 2 2 2 1 2 3 1 1 2 1 2 1 0 3 0 0 3 2 1 2 0 2 1 3 0 2 2 0 3 3 2 1 1 0 1 2 2 0 1 1 0 2 1 2 0 1 3 3 2 1 3 3 1 2 1 3 0
0 13 79 57 5 6 1 6 1 100 65 13 13 65 13 0
2 0 2 1 2 2 2 1 2 3 0 1 1
1 0 2 1 2 2 2 1 2 3 0 1 1 0 1 1 3 2 0 1 0 0 0 0 3 0 2 0 2 1 0 0 1 2 3 3 3 0 0 1 2 2 1 1 0 1 1 2 1 1 2 1 3 0 1 3 0 2 0 1 2 3 1 1 1 2 3 0 0 3 3 3 3 3 3 1 1 1 2
0 30 81 25 5 6 1 6 1 100 50 30 30 50 30 0
2 2 2 0 2 3 3 1 0 1 0 0 3 2 0 1 3 2 0 2 0 2 3 3 3 0 3 3 3 3
1 2 2 0 2 3 3 1 0 1 0 0 3 2 0 1 3 2 0 2 0 2 3 3 3 0 3 3 3 3 0 0 0 3 3 3 0 2 3 3 3 2 3 3 0 1 2 3 2 3 3 0 0 1 3 0 1 1 0 0 1 2 0 0 0 2 1 2 3 0 0 0 3 0 1 2 2 3 3 0 3
0 14 86 36 5 6 1 6 1 100 40 14 14 40 14 0
3 1 2 2 2 2 2 3 0 3 1 1 2 2
2 1 2 2 1 2 2 3 0 3 1 1 2 2 1 2 2 3 1 3 2 1 3 3 0 2 1 2 3 0 1 3 0 1 1 2 2 2 3 0 0 1 1 1 0 0 3 0 2 2 3 1 0 2 2 3 1 2 2 1 1 2 3 2 0 3 2 2 1 2 3 1 1 2 3 3 2 0 2 3 3 0 0 2 2 2
0 25 88 42 5 6 1 6 1 100 52 25 25 52 25 0
3 1 1 1 3 0 0 3 1 2 1 0 2 0 3 0 1 3 2 3 1 2 3 0 2
2 1 1 0 3 0 0 3 1 2 1 0 2 0 3 0 1 2 2 3 1 2 3 0 2 2 2 1 2 0 1 0 2 1 1 3 3 0 1 1 2 3 1 3 3 3 1 2 1 2 1 0 1 3 0 3 1 2 1 0 2 3 3 3 3 2 2 3 0 2 3 3 3 1 1 1 3 0 0 3 3 3 2 1 2 0 3 0
0 5 94 38 5 6 1 6 1 100 38 0 0 38 5 0
1 0 2 3 1
0 0 2 3 1 1 2 1 1 1 0 1 3 1 3 3 1 3 2 1 2 1 2 1 1 2 0 0 0 3 1 2 1 1 2 1 2 3 1 1 2 0 0 2 3 2 1 2 1 1 3 3 2 1 2 2 1 1 0 3 0 2 1 3 1 2 3 1 2 1 1 2 0 1 2 3 0 2 3 2 2 3 2 0 0 2 2 3 1 0 1 2 0 1
0 23 95 53 5 6 1 6 1 100 71 23 23 71 23 0
2 3 1 3 3 2 2 1 2 2 0 1 0 2 3 2 3 3 3 1 0 3 3
1 3 1 3 3 2 2 1 2 2 0 1 0 2 3 2 3 3 3 1 0 3 3 3 0 0 2 3 1 3 0 1 2 2 3 1 1 0 3 0 1 0 1 1 3 0 3 0 3 2 3 1 2 1 3 3 2 1 2 2 1 3 0 1 0 3 3 3 0 1 1 2 1 2 0 2 1 2 3 3 2 3 0 0 0 0 3 1 2 1 1 2 1 1 1
0 18 96 64 5 6 1 6 1 100 77 18 18 77 18 0
0 2 1 1 2 1 3 1 0 2 3 0 3 2 0 1 2 2
3 2 1 1 2 1 3 1 0 2 3 0 3 2 0 1 2 2 1 1 0 1 0 1 2 2 3 1 0 1 2 0 2 2 3 1 3 3 2 1 2 1 0 2 2 1 1 0 3 1 3 1 3 1 2 2 3 2 3 1 1 0 2 1 0 3 2 0 2 0 0 2 3 0 2 2 1 1 0 1 2 0 0 2 2 1 2 2 1 2 2 1 1 0 0 2
0 3 98 61 5 6 1 6 1 100 61 0 0 54 3 0
0 2 2
3 2 1 0 3 3 3 1 0 3 2 2 1 1 0 3 3 0 1 3 0 0 2 3 2 2 1 2 1 2 3 3 0 0 2 0 1 1 1 1 0 2 1 3 0 1 1 3 3 2 1 0 0 0 2 3 0 2 1 1 0 3 0 2 2 0 1 3 2 2 1 3 3 1 3 1 0 0 2 1 2 0 1 1 0 0 0 2 0 0 2 2 2 1 3 2 2 0
0 5 100 45 5 6 1 6 1 100 45 0 0 45 5 0
2 2 0 3 2
1 2 0 3 2 2 1 2 2 2 3 1 0 0 1 2 3 3 2 1 2 0 3 2 2 1 1 3 0 1 0 0 2 0 0 2 0 0 2 3 2 0 1 0 3 2 1 2 2 3 1 3 0 3 3 0 2 3 2 2 0 0 0 3 2 2 1 0 1 3 3 0 3 3 0 2 1 2 2 2 2 0 1 0 1 1 0 2 3 2 2 3 0 0 0 2 1 1 0 3
0 12 103 26 5 6 1 6 1 100 33 12 12 33 12 0
3 1 2 2 1 2 3 0 2 2 1 1
2 1 2 2 1 2 3 0 2 2 1 1 2 3 0 3 3 3 2 0 3 3 1 2 1 2 3 2 0 0 0 1 0 2 3 3 2 3 1 0 2 0 3 1 2 2 2 1 3 0 1 1 2 3 0 2 3 2 2 3 0 2 1 1 1 2 2 0 2 0 0 0 0 0 3 0 0 0 3 2 0 2 0 2 2 0 1 2 1 1 2 1 3 2 3 3 3 0 1 0 0 1 2
0 2 104 104 5 6 1 6 1 100 104 0 0 101 2 0
0 0
3 0 1 3 3 0 2 3 3 2 3 1 1 2 2 3 3 1 2 1 1 3 1 2 3 2 2 3 3 2 3 1 2 1 3 1 1 1 2 3 2 2 1 0 3 3 3 0 2 1 2 2 3 0 0 2 2 1 0 0 2 2 3 0 1 3 2 3 0 2 3 2 0 0 0 1 2 2 3 1 3 1 0 1 0 0 0 0 1 1 2 2 2 0 3 2 1 3 0 1 2 2 0 3
0 11 106 25 5 6 1 6 1 100 31 11 11 31 11 0
3 1 2 1 3 2 1 3 2 3 1
2 1 2 1 3 2 1 3 2 3 1 0 0 0 1 2 1 2 1 3 1 2 1 0 2 3 1 1 3 0 2 3 3 2 3 1 3 3 0 1 0 3 3 2 1 1 2 1 1 3 0 1 1 0 3 2 2 1 3 2 1 1 0 3 2 1 2 2 3 2 0 0 0 0 1 2 0 2 1 2 0 2 0 2 2 0 1 2 0 2 0 0 2 0 0 0 1 1 0 2 3 3 3 2 1 3
0 12 107 30 5 6 1 6 1 100 37 12 12 37 12 0
0 1 2 2 3 0 0 2 3 0 2 3
3 1 2 2 3 0 0 2 3 0 2 3 0 3 3 1 2 3 0 0 3 0 3 3 3 3 2 0 1 0 3 1 3 3 3 2 3 0 3 0 0 3 0 1 2 0 1 2 0 3 0 0 3 3 0 1 2 3 3 0 2 3 1 2 2 3 3 3 1 2 2 0 1 3 1 0 0 0 0 3 1 0 1 2 0 1 3 0 1 3 3 3 0 3 3 3 1 3 2 1 0 3 0 0 0 3 0
0 32 108 48 5 6 1 6 1 100 75 32 32 75 32 0
1 1 3 0 1 1 2 0 0 0 3 3 0 2 0 2 0 1 1 3 0 0 2 0 1 3 2 1 1 0 2 0
0 1 3 0 1 1 2 0 0 0 3 3 0 2 0 2 0 1 1 3 0 0 2 0 1 3 2 1 1 0 2 0 0 0 2 1 2 2 1 1 1 2 3 3 3 2 0 0 2 1 3 2 1 2 3 2 3 1 1 0 0 3 2 3 3 2 2 1 1 0 1 2 3 3 0 2 0 0 2 2 1 1 0 1 2 2 3 2 2 0 1 2 3 3 1 3 2 3 0 3 0 0 0 2 0 1 2 2
0 4 110 33 5 6 1 6 1 100 33 0 0 32 4 0
0 3 1 3
3 3 1 3 0 0 0 0 2 3 2 2 1 2 0 0 2 3 2 2 3 2 0 1 1 3 1 2 2 1 1 3 3 1 1 0 3 2 1 2 2 3 3 2 3 1 2 2 1 2 1 3 2 0 0 2 2 0 1 0 3 2 1 2 2 3 1 1 3 0 1 2 0 1 2 3 0 1 3 2 1 3 2 3 0 2 0 0 2 3 3 0 2 0 2 1 0 0 1 1 1 3 0 3 1 3 2 1 0 0
0 5 110 87 5 6 1 6 1 100 87 0 0 87 5 0
2 2 3 1 0
1 2 3 1 0 1 2 1 3 2 1 2 0 1 1 3 1 3 3 0 1 0 2 3 1 2 0 3 3 1 2 3 2 3 3 0 2 0 2 2 3 1 2 0 2 1 2 1 2 3 1 0 0 2 3 2 1 2 2 3 1 3 3 1 2 1 0 0 2 1 1 2 3 3 2 1 1 1 3 0 0 2 3 0 1 2 1 1 1 0 3 0 0 2 3 0 2 2 1 1 0 3 0 1 2 3 0 3 1 1
0 13 111 59 5 6 1 6 1 100 62 13 13 62 13 0
1 3 0 2 0 1 2 1 2 0 1 1 0
0 3 0 2 3 1 2 1 2 0 1 1 0 0 0 2 3 0 3 0 1 2 3 0 2 0 1 3 3 0 2 0 1 2 0 0 0 2 1 1 3 0 0 3 0 0 0 0 0 2 2 1 3 0 1 2 1 3 0 3 3 3 1 2 3 2 1 0 0 1 2 2 3 3 3 0 0 0 0 0 0 1 0 0 0 2 3 0 2 1 3 2 1 0 1 2 0 2 3 1 3 0 3 2 0 1 3 0 0 0 0
0 23 113 32 5 6 1 6 1 100 38 21 21 35 23 0
1 2 1 1 0 0 0 2 1 3 3 3 1 1 0 2 0 1 1 0 1 3 2
0 2 1 0 0 0 0 2 1 3 3 3 0 1 0 2 0 1 1 0 1 2 2 0 1 1 0 0 0 0 2 1 0 3 0 0 1 1 0 0 1 1 1 0 2 1 2 2 1 2 2 1 1 3 3 3 3 2 3 0 1 2 3 2 1 0 3 3 3 3 0 0 2 3 3 2 1 2 0 0 1 2 3 1 0 0 1 3 0 1 3 1 0 3 2 1 2 0 0 0 2 2 3 2 2 3 1 2 0 2 3 2 2
0 29 113 59 5 6 1 6 1 100 73 29 29 73 29 0
3 0 1 3 2 1 1 3 1 2 0 1 1 2 3 3 3 0 1 1 3 2 3 1 0 0 3 3 2
2 0 1 3 2 1 1 2 1 2 0 1 0 2 3 3 3 0 1 1 3 2 3 1 0 0 3 3 2 2 0 2 1 3 0 3 0 1 2 2 0 0 2 1 2 0 2 0 2 0 0 0 1 2 1 0 1 1 2 1 3 1 0 2 0 1 2 1 2 2 1 3 2 3 3 2 1 1 2 0 0 0 0 1 1 0 1 2 1 1 2 2 1 0 2 1 0 1 1 1 1 1 1 2 1 3 0 3 3 0 1 1 0
0 6 115 36 5 6 1 6 1 100 37 6 6 37 6 0
1 3 2 1 0 2
0 3 2 1 0 2 0 2 1 0 3 1 1 2 2 0 1 3 0 3 3 1 2 1 2 3 1 2 1 2 3 0 2 3 1 1 2 1 0 3 3 3 1 2 3 0 2 0 0 3 2 0 0 3 1 0 3 1 2 0 1 2 0 1 1 2 1 2 0 2 0 0 3 2 2 1 0 2 1 2 2 1 0 1 3 2 2 2 3 1 2 1 2 0 0 0 2 3 1 2 3 1 1 2 0 0 1 2 2 3 1 2 3 1 1
0 8 116 37 5 6 1 6 1 100 37 0 0 35 8 0
1 3 2 0 1 0 0 3
0 3 2 3 1 0 0 3 2 3 1 3 0 0 0 3 2 0 0 0 2 0 0 0 1 2 3 3 0 0 1 3 0 3 0 2 3 2 3 0 1 1 3 1 0 1 1 1 2 3 3 0 1 3 3 2 1 3 3 2 3 0 2 3 0 2 3 3 2 2 0 0 0 0 1 3 3 1 3 1 3 0 3 3 3 3 2 0 1 3 0 0 3 3 0 1 2 3 3 3 2 1 1 3 1 2 3 1 3 3 2 3 3 0 1 1
0 8 117 33 5 6 1 6 1 100 36 8 8 36 8 0
3 1 2 3 3 3 1 3
2 1 2 3 3 3 1 3 3 1 1 0 1 0 2 3 3 2 1 0 2 2 1 2 3 1 3 1 2 3 2 3 1 1 3 1 3 1 2 1 0 1 3 2 1 3 2 2 1 3 3 1 3 1 0 0 0 0 2 3 0 2 3 2 2 1 0 1 3 1 0 1 2 2 3 1 2 2 3 1 3 3 0 2 3 3 3 2 2 3 2 0 0 0 2 1 2 1 1 2 0 1 1 2 0 1 2 3 1 1 1 1 2 3 1 1 3
0 12 119 33 5 6 1 6 1 100 40 12 12 40 12 0
3 2 0 3 2 1 1 2 3 1 2 2
2 2 0 3 2 1 1 2 3 1 2 2 3 1 3 2 1 0 0 1 3 2 1 1 1 2 3 3 3 1 0 1 2 3 0 3 2 1 2 1 2 2 3 2 1 2 1 2 1 2 2 3 1 0 0 0 2 0 1 3 1 2 1 3 0 3 1 0 0 0 0 3 0 2 2 1 0 1 2 2 1 0 1 0 0 2 3 0 2 2 1 2 2 3 0 3 2 1 1 2 1 2 3 1 2 1 3 3 3 2 0 1 3 2 1 1 2 1 3
0 6 121 45 5 6 1 6 1 100 45 0 0 43 8 0
1 1 0 1 2 2
3 3 1 1 0 1 2 2 1 1 3 0 1 3 0 1 0 1 3 3 0 2 3 0 2 2 1 1 2 3 2 0 1 1 3 0 0 3 0 0 3 2 0 1 1 2 1 3 0 0 1 0 2 3 0 0 2 1 2 2 0 1 3 2 1 2 3 3 0 3 3 2 3 2 1 2 1 1 2 0 0 0 2 3 2 0 2 0 1 3 3 3 3 2 1 2 0 1 0 1 2 1 0 3 3 0 2 1 2 2 1 3 3 2 2 3 1 0 1 2 0
0 28 124 40 5 6 1 6 1 100 63 28 28 63 28 0
0 0 3 3 2 2 2 1 1 3 3 1 3 0 1 1 2 3 1 0 3 3 2 0 1 1 1 3
3 0 3 3 2 2 2 1 1 3 3 1 3 0 1 1 2 3 1 0 3 3 2 0 1 1 1 3 3 0 0 1 0 0 1 0 1 0 2 0 2 0 3 0 0 1 2 2 3 2 1 3 0 2 3 0 1 3 1 2 3 0 0 2 1 3 3 3 0 3 0 3 2 2 1 3 3 1 2 1 1 3 0 2 3 1 0 3 0 1 1 0 3 2 1 3 2 2 1 0 0 3 0 2 1 2 3 1 1 1 1 3 3 1 3 0 1 2 1 2 3 1 3 3
0 3 126 51 5 6 1 6 1 100 51 0 0 49 3 0
2 0 0
1 0 0 2 2 1 3 2 1 3 2 2 0 1 3 0 0 2 0 0 0 0 1 2 3 1 2 1 1 2 1 2 3 0 1 2 3 3 0 0 2 3 2 0 1 2 0 1 0 0 2 3 1 2 3 2 3 0 3 1 2 0 1 1 2 0 0 0 2 3 1 3 0 2 0 0 0 2 3 0 1 2 1 3 2 2 3 2 1 2 1 1 3 3 0 1 1 0 2 3 1 1 0 3 2 3 2 1 0 2 0 0 0 3 0 2 3 3 2 2 2 2 0 3 3 2
0 18 126 94 5 6 1 6 1 100 107 18 18 107 18 0
2 1 0 1 3 3 3 1 0 0 0 2 2 2 0 0 3 1
1 1 0 1 3 3 3 1 0 0 0 2 2 2 0 0 3 1 2 2 1 0 1 3 3 1 3 1 0 1 0 0 0 2 2 0 2 1 2 3 3 2 2 2 1 0 3 2 2 2 1 2 2 3 2 1 2 0 0 0 0 3 2 2 3 0 0 1 3 2 1 1 1 2 3 3 3 0 1 1 1 2 1 0 1 3 3 2 2 1 2 1 3 2 1 1 3 3 2 3 0 0 1 3 3 3 1 1 0 0 3 0 3 1 0 2 0 1 1 3 0 1 0 0 2 0
1 5 6 130 5 6 1 6 1 100 130 0 0 130 5 0
1 2 2 0 0
0 2 2 0 0 3
1 17 29 123 5 6 1 6 1 100 135 17 17 135 17 0
1 1 3 2 0 1 2 1 0 1 0 2 2 2 0 3 0
0 1 3 2 0 1 2 1 0 1 0 2 2 2 0 3 0 3 2 2 2 2 1 1 2 0 0 0 3
1 27 49 113 5 6 1 6 1 100 135 27 27 135 27 0
0 2 2 3 2 0 3 2 3 2 3 3 3 1 0 0 0 0 0 3 0 1 1 1 3 1 0
3 2 2 3 2 0 3 2 3 2 3 3 3 1 0 0 0 0 0 3 0 1 1 1 3 1 0 1 1 3 3 1 2 2 1 3 1 1 0 3 1 0 3 1 3 2 2 3 2
1 30 55 110 5 6 1 6 1 100 130 30 30 130 30 0
0 2 1 2 1 2 2 2 3 3 2 0 3 2 2 1 0 0 3 1 1 2 3 2 1 2 1 1 3 2
3 2 1 2 1 2 2 2 3 3 2 0 3 2 2 1 0 0 3 1 1 1 3 2 1 2 1 1 3 2 0 2 3 1 0 2 0 0 3 0 3 2 3 0 0 2 2 1 0 2 3 3 3 2 0
1 21 63 123 5 6 1 6 1 100 139 21 21 139 21 0
2 2 3 0 2 3 2 1 2 1 2 2 1 2 0 1 2 1 3 2 0
1 2 3 0 2 3 2 1 2 1 2 2 1 2 0 1 2 1 3 2 0 0 1 3 2 2 1 0 1 0 0 3 1 1 0 3 1 3 1 1 0 3 2 0 1 1 1 2 3 2 1 2 2 0 0 2 1 2 0 0 0 2 1
1 7 72 142 5 6 1 6 1 100 144 7 7 144 7 0
0 1 2 3 3 3 2
3 1 2 3 3 3 2 1 3 2 0 0 0 3 0 0 3 1 3 2 1 0 3 3 3 3 2 3 1 2 3 3 3 0 3 3 1 1 2 0 1 0 1 0 0 1 3 2 2 1 3 3 3 3 3 3 3 1 0 1 0 1 3 3 3 3 2 1 2 2 1 3
1 25 96 114 5 6 1 6 1 100 134 25 25 134 25 0
2 2 1 3 3 3 1 1 3 3 0 2 2 2 3 0 3 2 1 2 2 1 2 0 1
1 2 1 3 3 3 1 1 3 3 0 2 2 2 3 0 3 2 1 2 2 1 2 0 1 1 1 0 3 1 0 3 1 0 2 2 1 2 0 3 3 2 0 0 2 3 2 2 2 3 0 3 2 2 3 2 0 0 1 3 0 3 1 3 2 3 2 2 1 1 1 0 2 1 1 3 2 0 1 0 0 3 3 1 3 1 3 3 3 2 1 1 0 3 3 1
1 32 99 103 5 6 1 6 1 100 125 32 32 125 32 0
2 3 2 0 2 1 0 0 0 3 0 3 2 1 1 0 2 0 1 0 2 0 2 3 0 0 3 1 1 0 2 1
1 3 2 0 2 1 0 0 0 3 3 3 2 1 1 0 2 0 1 0 2 0 2 3 0 0 3 1 1 0 2 1 0 0 0 3 1 2 3 1 1 2 2 2 2 0 0 0 1 1 3 3 0 1 1 3 2 3 1 2 1 0 0 0 1 3 2 1 2 0 1 3 2 0 3 3 2 2 3 3 0 0 3 3 2 3 1 2 0 0 1 0 3 3 3 0 0 3 1
1 30 111 102 5 6 1 6 1 100 132 30 30 132 30 0
2 2 0 1 1 2 3 0 2 0 0 0 2 1 2 1 1 3 3 1 0 1 1 1 0 2 3 3 2 0
2 2 0 1 1 2 3 0 2 0 0 0 2 1 2 1 1 3 3 1 0 1 1 1 0 2 3 3 2 0 3 0 3 3 1 0 0 0 1 2 2 2 0 3 2 3 3 2 3 3 3 3 1 3 3 1 1 0 2 1 2 1 0 0 1 1 2 1 1 0 2 2 3 1 1 2 1 1 3 1 0 2 1 0 1 2 0 3 1 1 1 0 1 0 3 3 3 1 2 3 1 2 1 3 2 1 1 0 0 3 0
1 29 113 101 5 6 1 6 1 100 125 29 29 125 29 0
0 3 3 2 1 2 1 1 1 1 1 0 2 1 3 0 3 0 2 1 2 1 2 3 1 2 1 1 1
3 3 3 2 1 2 1 1 1 1 1 0 2 1 3 0 3 0 2 1 2 1 2 3 1 2 1 1 1 0 1 0 2 1 1 0 1 3 2 3 3 1 2 3 3 0 3 1 0 1 2 1 1 0 2 2 1 1 0 2 0 1 0 3 3 2 1 3 2 0 3 2 0 2 0 0 2 2 3 0 0 0 0 0 0 2 2 1 0 2 2 0 0 3 1 2 1 3 2 3 0 0 3 2 1 0 1 3 2 2 1 0 3
1 22 115 113 5 6 1 6 1 100 130 22 22 130 22 0
1 0 3 2 0 3 1 1 2 1 3 1 0 0 0 1 2 3 3 3 2 3
0 0 3 2 0 3 1 1 2 1 3 1 0 0 0 1 2 3 3 3 2 3 3 2 3 3 2 2 0 0 1 0 3 2 2 1 2 0 3 2 3 2 2 3 2 2 3 0 3 2 2 2 2 1 2 2 3 2 0 0 3 1 2 1 2 2 1 3 2 3 3 3 3 0 3 1 0 1 2 2 3 0 3 3 1 0 0 1 1 2 3 3 2 0 0 0 2 1 2 2 2 2 3 3 3 1 0 3 1 1 0 1 3 1 0
1 15 117 119 5 6 1 6 1 100 129 15 15 129 15 0
2 0 3 3 0 0 1 1 3 2 2 3 2 1 1
1 0 3 3 0 0 1 1 3 2 2 3 2 1 1 2 2 0 0 0 0 1 2 0 0 2 3 2 1 3 2 0 0 1 2 3 2 1 3 2 2 0 0 2 2 1 2 0 0 2 0 3 2 1 3 2 0 0 0 1 1 0 0 1 2 1 2 1 3 2 1 2 1 2 1 0 0 0 0 1 2 3 1 2 3 3 2 1 1 1 2 0 0 0 3 2 1 2 2 1 0 1 2 2 1 2 0 3 2 2 0 1 0 2 1 3 0
1 17 121 124 5 6 1 6 1 100 136 17 17 136 17 0
1 0 0 2 3 2 1 1 3 2 0 3 2 0 3 3 3
0 0 0 2 3 2 1 1 3 2 0 3 2 0 3 3 3 2 0 3 2 3 2 2 3 0 0 0 1 0 3 0 2 0 3 0 0 2 3 1 2 3 2 1 2 1 0 2 0 3 2 1 1 3 2 0 3 2 1 2 0 1 2 1 3 0 3 2 1 2 1 2 3 1 3 3 0 3 1 0 2 2 1 1 3 0 1 2 2 3 3 3 0 3 2 2 2 1 2 0 0 2 3 2 3 0 2 0 1 1 2 2 0 3 0 0 2 2 1 2 3
1 1 126 144 5 6 1 6 1 100 144 0 0 140 1 0
0
3 1 3 1 0 1 1 3 2 2 3 0 1 3 3 1 2 2 1 2 0 0 2 0 0 1 3 2 0 0 2 0 0 0 0 3 2 2 2 1 0 3 2 0 0 3 0 3 1 0 3 3 0 0 3 2 0 1 2 0 1 0 3 1 0 1 1 2 2 2 1 2 0 2 3 0 1 0 3 0 0 2 2 0 1 1 2 3 0 0 0 1 3 3 1 3 1 0 1 1 2 2 1 2 0 1 0 2 3 1 1 3 3 3 3 2 1 0 2 1 2 0 0 3 2 1
1 2 127 138 5 6 1 6 1 100 138 0 0 135 2 0
3 1
2 1 2 1 1 3 2 2 3 3 2 0 2 0 3 0 2 1 1 2 0 0 0 3 0 0 2 1 1 3 2 3 0 0 0 1 2 1 3 2 3 1 1 0 1 2 1 3 2 2 1 3 3 3 1 3 3 1 0 1 1 2 1 3 2 0 2 0 0 3 1 0 2 1 3 2 0 0 3 0 1 1 2 2 3 0 3 2 1 3 1 2 1 1 1 3 2 0 1 2 2 0 0 3 2 1 2 2 1 0 3 1 1 0 2 3 3 2 3 2 1 2 2 1 2 0 2
1 3 128 147 5 6 1 6 1 100 147 0 0 145 3 0
3 1 1
2 1 1 0 0 0 0 2 1 2 0 3 2 3 3 0 0 3 1 1 0 2 1 1 0 3 3 0 0 3 1 1 2 1 0 2 1 2 1 1 0 2 0 2 2 0 3 3 0 3 3 3 3 3 3 2 1 3 2 1 1 0 2 1 0 0 0 2 1 2 3 0 0 3 2 1 2 1 1 0 3 1 0 2 1 0 3 3 2 1 1 0 2 0 2 0 3 2 1 0 0 0 2 1 0 2 2 0 0 0 2 0 0 3 0 3 0 2 2 3 2 2 2 1 0 0 3 3
1 30 129 108 5 6 1 6 1 100 128 30 30 128 30 0
3 0 1 2 3 2 1 3 2 3 3 0 2 2 2 0 3 1 0 0 1 3 3 0 1 3 2 1 2 1
2 0 1 2 3 2 1 3 2 2 3 0 2 2 2 0 3 1 0 0 1 3 3 0 1 3 2 1 2 1 2 0 0 2 2 3 1 3 2 2 0 3 0 3 2 1 1 2 2 0 0 2 3 2 3 1 2 1 3 2 2 3 2 2 1 2 0 3 1 1 3 1 2 0 1 2 1 3 2 0 1 0 0 0 2 0 0 2 2 1 3 3 1 1 3 2 1 2 3 3 1 1 2 0 0 1 2 3 3 1 2 3 3 2 0 3 1 1 0 2 0 1 1 0 3 3 2 2 3
1 6 131 109 5 6 1 6 1 100 110 6 6 110 6 0
2 2 0 1 1 0
1 2 0 1 1 0 3 1 2 1 2 2 1 1 3 2 1 1 2 1 3 2 2 1 2 1 3 3 2 3 1 0 2 1 0 1 2 2 0 0 2 2 2 2 1 0 0 1 0 2 0 0 3 2 2 3 2 1 2 1 0 2 0 0 3 0 1 2 0 3 2 0 0 3 2 2 2 2 1 0 0 1 1 3 2 1 3 2 0 0 3 2 0 0 2 0 2 0 0 1 1 1 2 1 0 3 1 0 2 1 3 2 1 0 2 1 0 2 1 3 3 0 3 1 1 2 1 1 3 2 1
1 6 131 139 5 6 1 6 1 100 140 6 6 140 6 0
3 3 1 2 0 3
2 3 1 2 0 3 3 2 3 0 3 3 2 2 3 2 2 3 3 3 3 1 2 3 1 2 2 3 0 3 0 3 3 2 1 3 0 1 3 2 0 3 2 2 1 2 3 3 1 2 3 2 2 3 0 1 3 2 1 1 3 0 3 1 2 1 1 3 2 2 1 0 0 1 0 2 2 2 1 0 3 1 3 0 1 3 3 0 0 3 1 1 2 1 2 0 3 0 3 2 1 1 2 2 2 2 0 3 2 1 3 1 0 0 3 0 0 2 1 3 3 3 1 3 2 0 1 3 3 3 2
1 8 133 122 5 6 1 6 1 100 125 8 8 125 8 0
3 1 0 1 2 1 0 0
2 1 0 1 2 1 0 0 3 3 0 0 0 3 3 0 0 3 3 3 1 1 2 0 0 1 1 3 2 2 0 3 2 3 3 1 2 3 3 0 3 0 0 0 0 0 1 1 0 3 3 0 0 3 0 0 0 3 2 0 1 3 2 2 0 3 3 2 3 3 0 1 3 2 1 0 3 3 1 2 1 0 2 2 1 0 0 0 0 1 1 3 2 0 1 0 3 0 0 1 1 0 2 0 2 0 0 3 0 1 3 2 2 3 2 0 0 2 3 1 2 2 2 3 3 3 3 3 3 3 2 3 3
1 8 134 114 5 6 1 6 1 100 117 8 8 117 8 0
1 2 0 1 2 1 2 3
0 2 0 1 2 1 2 3 3 3 3 3 2 2 1 0 3 0 2 0 3 3 2 0 3 0 2 1 0 2 2 2 2 0 3 3 3 3 1 3 3 1 3 3 0 0 3 3 3 3 0 3 0 2 2 2 3 2 2 3 3 1 3 0 3 2 3 3 0 3 0 3 0 3 0 2 0 3 0 0 2 2 1 0 0 1 0 0 3 3 3 3 2 0 0 2 3 3 3 2 0 3 1 3 2 2 0 2 0 3 2 1 3 3 0 0 0 0 0 0 1 0 3 1 2 1 0 2 0 2 1 0 0 3
1 9 134 131 5 6 1 6 1 100 135 9 9 135 9 0
3 2 0 2 0 3 3 2 2
2 2 0 2 0 3 3 2 2 3 3 3 3 3 1 0 1 1 2 3 3 2 2 1 2 1 3 2 1 3 2 1 3 2 2 1 2 3 3 3 1 3 1 3 2 1 3 1 2 0 1 2 2 3 1 0 1 1 2 2 2 0 3 3 3 3 0 3 3 3 2 2 1 3 2 2 3 3 0 1 1 1 2 1 0 1 2 0 0 0 3 2 1 2 2 1 0 1 2 0 1 3 2 2 0 3 1 1 0 2 3 0 2 0 3 2 1 3 1 3 2 2 1 0 1 2 0 2 0 2 3 0 0 3
1 10 135 120 5 6 1 6 1 100 125 10 10 125 10 0
2 0 2 3 2 0 0 2 1 1
1 0 2 3 2 0 0 2 1 1 1 3 2 0 0 2 1 3 3 2 1 3 2 0 0 1 2 1 0 3 1 2 2 3 2 3 3 0 1 3 2 1 1 2 1 0 2 1 1 1 2 3 2 0 0 1 3 1 0 2 1 1 3 2 3 0 3 2 0 0 3 1 0 1 0 0 1 3 1 3 0 1 0 0 1 3 2 2 1 2 1 0 2 3 0 0 0 1 0 2 1 0 0 0 0 3 1 0 2 1 0 2 0 1 2 3 1 3 3 1 3 2 0 0 1 2 3 2 0 0 1 3 2 2 0
